-0.10273823142051697, -0.22047066688537598, -0.27352583408355713, 0.304119348526001
-0.21324200928211212, 0.3227996528148651, -0.9477078914642334, 0.029784319922327995
0.09710271656513214, -0.6719688177108765, 0.5100380778312683, 0.7546710968017578
-1.2406824827194214, -0.3822512924671173, -1.4171903133392334, -0.1850118190050125
0.5468865036964417, 0.003919730428606272, 1.3217991590499878, 0.2999940812587738
-0.05049506947398186, 0.7794071435928345, -0.6533051133155823, -1.062684416770935
1.1336528062820435, -0.7846921682357788, 0.008237131871283054, 1.1391582489013672
0.050754472613334656, 0.7645466327667236, -1.4045727252960205, 0.8032703995704651
-0.5750517845153809, -0.9374151229858398, 0.879280149936676, 0.8365343809127808
-0.5817756652832031, -0.5895817875862122, -2.9003374576568604, -0.31792551279067993
0.29021981358528137, 1.2129877805709839, 1.3605133295059204, 0.5075042247772217
-1.2860287427902222, -1.3078645467758179, -0.9555668234825134, -1.0966017246246338
1.1594200134277344, -0.9010438919067383, 1.843026041984558, -0.4905300438404083
-2.105560302734375, 0.0809660255908966, -1.2509294748306274, 0.4688601791858673
2.0161914825439453, -0.5944584608078003, -0.6839410662651062, 0.7676989436149597
0.5967506170272827, 0.6180469393730164, -0.1340787559747696, -1.6240556240081787
1.1233068704605103, -0.939702033996582, 0.27110540866851807, 2.2677524089813232
-0.9911190271377563, 1.538171410560608, -0.9971358776092529, -1.6081857681274414
-1.5774439573287964, -0.9507875442504883, 1.2996408939361572, 0.49556317925453186
0.1426045447587967, 0.7523861527442932, -1.7537966966629028, 1.6694782972335815
-1.0039641857147217, -0.8580577969551086, -3.0901458263397217, 0.14076481759548187
0.08532365411520004, -1.0665924549102783, -2.747117042541504, -0.5100913643836975
-0.5608863234519958, 0.02696920745074749, -3.0330989360809326, -0.6895922422409058
-0.8048989176750183, -1.5601383447647095, -0.7551236748695374, -1.1950088739395142
-1.9143925905227661, -1.3690943717956543, -0.9887065887451172, -1.354327917098999
-2.247725248336792, -0.03736458718776703, -0.9069876670837402, 0.9466500282287598
-2.50148344039917, 0.6321545243263245, -1.5484018325805664, 0.26043346524238586
0.842743456363678, 0.5712326765060425, 0.09929176419973373, -1.8973721265792847
-1.477984070777893, 1.2962253093719482, -0.7990622520446777, -1.7428665161132812
-0.7883548140525818, 1.9806276559829712, -1.2859959602355957, -1.6576464176177979
0.16960091888904572, 0.7131681442260742, -1.8864818811416626, 2.0328900814056396
0.8676820993423462, 1.5227432250976562, 0.9976069927215576, 0.6477131843566895
-0.12484104186296463, 1.2563517093658447, 1.6404080390930176, 1.147386908531189
-0.022274373099207878, 1.43795645236969, 1.4565032720565796, -0.08843345940113068
1.6313462257385254, -1.1397477388381958, 1.2821999788284302, -0.6277481317520142
0.6334410309791565, -1.2441036701202393, 1.9399609565734863, -0.7639960646629333
1.4997278451919556, -0.6451453566551208, 2.316925525665283, -0.336898535490036
2.1571977138519287, -0.9395155310630798, -1.0892401933670044, 0.9821239709854126
2.4104061126708984, -0.026072124019265175, -0.40956297516822815, 0.901888906955719
1.9603965282440186, -0.5302901268005371, -0.8191040754318237, 0.004860729444772005
1.1730480194091797, -1.1724563837051392, 0.43295639753341675, 2.7716941833496094
1.09486722946167, -1.1031231880187988, 0.5389916300773621, 2.811495780944824
1.1282274723052979, -0.8107371926307678, 0.317145437002182, 2.750548839569092
-1.984653353691101, -0.6099348664283752, 1.7737702131271362, 0.30841103196144104
-1.964974045753479, -0.751864492893219, 1.4928789138793945, 0.04109451174736023
-2.1928205490112305, -0.9993110299110413, 1.286190152168274, 0.21607443690299988
"('euclidean', 4, 0.3, 300, 3.404243141412735)"
