-0.027463804930448532, -0.215915247797966
-0.33695024251937866, 1.0032036304473877
0.8517724275588989, -1.1499412059783936
-1.0162187814712524, 2.9354491233825684
0.14967888593673706, -2.455228567123413
-1.8106684684753418, 0.3990527391433716
1.8226256370544434, -1.4601597785949707
-0.02519582211971283, 1.323415756225586
1.4534246921539307, -0.1645328551530838
-3.1842148303985596, 2.6193246841430664
0.7145282626152039, -3.3142738342285156
-1.523047685623169, 3.928346872329712
-1.0878822803497314, -2.4973697662353516
-0.010412866249680519, 3.4023690223693848
3.2788262367248535, -2.632103443145752
-2.0354321002960205, 0.849290668964386
3.279019832611084, -0.6669434309005737
-2.540609359741211, -0.5197237133979797
1.911681890487671, 0.34318581223487854
1.0382534265518188, 1.8781572580337524
-3.345796585083008, 3.0785160064697266
-3.499297618865967, 2.163189649581909
-2.7191576957702637, 2.6096558570861816
-1.6637918949127197, 4.431093692779541
-1.6921008825302124, 4.27618408203125
0.18436825275421143, 3.562940835952759
0.25689560174942017, 3.474684000015259
-2.0822174549102783, 1.1121162176132202
-2.5454764366149902, -0.8832785487174988
-2.887336015701294, -0.6105879545211792
1.237213373184204, 2.000638723373413
1.1134899854660034, -3.8598198890686035
0.9361131191253662, -3.2174742221832275
0.3951570689678192, -3.4882984161376953
-1.320211410522461, -2.215035915374756
-1.2126672267913818, -3.073554039001465
-1.1390823125839233, -2.265998363494873
3.6263017654418945, -2.4975380897521973
2.7646822929382324, -3.016022205352783
3.561319351196289, -2.527866840362549
3.551028251647949, -0.1955564022064209
3.524956703186035, -0.2517877519130707
3.502110004425049, -0.25027596950531006
2.3438894748687744, 0.7056844234466553
2.272402286529541, 0.6530446410179138
2.263103723526001, 0.6047369837760925
