2.0562567710876465, 1.7467632293701172, 0.4207265377044678
2.711533308029175, 2.4932491779327393, 0.3689470589160919
1.2247231006622314, 0.14371201395988464, 0.6923103332519531
2.6586921215057373, -0.6302235722541809, -2.3814830780029297
3.0592424869537354, -1.1527001857757568, 2.651461362838745
6.2777814865112305, 5.658173561096191, -2.528954267501831
2.8793795108795166, 1.3547029495239258, 2.335724115371704
14.503684997558594, 14.2179594039917, 2.684495687484741
2.529956340789795, -2.323286294937134, -0.05495714768767357
16.187881469726562, -13.89056396484375, -8.252254486083984
19.349815368652344, -1.4255825281143188, 19.27130126953125
11.60564136505127, -4.208531856536865, -10.769362449645996
15.296751976013184, -10.959565162658691, 10.624431610107422
12.179800033569336, 1.0846147537231445, -12.09012508392334
15.284065246582031, 8.29269027709961, 12.799763679504395
9.531047821044922, 8.069692611694336, -4.972015857696533
16.288665771484375, -15.792275428771973, 3.863248109817505
20.81316375732422, 19.96721649169922, -5.787752151489258
10.154808044433594, -10.083544731140137, -0.6650224924087524
13.887175559997559, 13.60097885131836, 2.6204967498779297
18.456262588500977, -15.821664810180664, -9.45032024383545
15.696324348449707, -13.445996284484863, -8.036154747009277
13.235690116882324, -11.425591468811035, -6.606009006500244
11.321030616760254, -4.028467655181885, -10.532672882080078
14.16237735748291, -5.099854946136475, -13.174385070800781
12.221808433532715, 0.9104759693145752, -12.146754264831543
12.839359283447266, 1.323524832725525, -12.731748580932617
11.176994323730469, 9.462662696838379, -5.863720893859863
16.72295570373535, 16.025287628173828, -4.67411994934082
24.932371139526367, 23.932363510131836, -6.918461799621582
9.841794967651367, 9.628155708312988, 1.777510166168213
5.4864501953125, -1.4007664918899536, 5.209509372711182
9.343554496765137, -1.0443711280822754, 9.230997085571289
9.85555362701416, -1.0070257186889648, 9.752837181091309
27.39000129699707, -18.44123077392578, 20.227041244506836
12.957513809204102, -9.427464485168457, 8.832898139953613
18.188608169555664, -12.844705581665039, 12.838964462280273
16.712169647216797, 9.060882568359375, 14.007034301757812
1384.192138671875, 715.5657348632812, 1184.8851318359375
18.217456817626953, 10.092761039733887, 15.133139610290527
19.126117706298828, -18.55787467956543, 4.518149375915527
18.31778335571289, -17.768207550048828, 4.33958101272583
19.59815216064453, -19.01896095275879, 4.622412204742432
9.686383247375488, -9.6142578125, -0.6261520981788635
9.822867393493652, -9.751138687133789, -0.6356251835823059
10.562188148498535, -10.492188453674316, -0.6883325576782227

('lorentz', 3, 0.5, 300, 6.064265727996826)
