0.0645874241513184, -0.2103216289115569
0.06406374967892096, 0.24913390699253166
0.12937871575549914, -0.5408806508567768
-0.16788146068393672, 0.05200760866074161
0.205922005432969, -0.1421890142769972
0.2794328206851702, 0.9006943704682846
0.48460961405767394, -0.7071438124061767
0.18451765040111254, 0.3534723504691422
-0.022032458651255613, -0.9510807365724872
0.8064613870243401, 0.4016538183669711
0.6125650308990205, -0.13064357163994947
-0.5109357068596807, -0.4172882499192156
-0.38102532752042584, 0.5087878890866516
-0.8867723544142694, 0.06256451704506462
0.7147442162175, -1.060323287802211
0.6103226658954836, 1.1048529222897903
0.7898228701206168, -0.5905352762783034
-0.010321597083720947, 1.248473844528112
-0.04854800256431841, -1.2847965357319142
0.28836225854095465, 0.4492030430222722
0.9254365286217231, 0.42864014271556833
0.9374763824557771, 0.43616267538535586
0.9172126817253514, 0.46816402796234785
-0.551960402724936, -0.4843435071473642
-0.5439866784514706, -0.47259460738281595
-0.9830837692493587, -0.015379122432707141
-0.9880633801419744, 0.17971201818390534
0.7560363781290826, 1.1978547582392685
-0.02335824484228588, 1.3776568713493895
-0.10393215796597463, 1.2329740591645322
0.32223584664066407, 0.48504409549214483
0.6813703878351041, -0.12895795224877182
0.6971594813592312, -0.1282362034920353
0.7015026653892185, -0.1320574203610258
-0.41236244168678055, 0.5800315681898601
-0.45192785694914045, 0.5848907403524221
-0.395193997635539, 0.5475870047095431
0.7390853449328867, -1.1010122816827208
0.6934498095242565, -1.1349058034385129
0.7997645941573364, -1.093077932005079
0.6402031083330438, -0.4915636840509326
1.136557724434955, -0.4713741010608467
1.105541792616987, -0.4406312628665624
-0.20548287605071078, -1.504608861615285
0.20396750016931925, -1.6454122828042772
0.4983401605519287, -1.5004074673518923

('graphs/tree_graph', 'euclidean', 2, 0.05, 200, 7.0, 6.324047505761522)