0.01098333674877869, 0.035254832857367545, -0.4598447620375752, -0.36820574494137964
-0.10786811757170507, -0.500322900935141, -0.11387453822924791, -0.3911588143719512
-0.03674654895187885, -0.09982234730054905, -0.5043308975524953, -0.4220416808812967
0.472917591269277, -0.19406765974686918, -0.11958053745569112, -0.21004909319149104
0.13377036754222654, 0.046056473871520544, 0.004321441020352573, -0.04580571375497614
-0.3434086977034378, -0.27849982224462894, -0.0065591969168753645, -0.1818027728265178
0.25228030252858435, -0.34444056799243783, -0.298916339768333, 0.3952095375823578
0.9293662806217994, -0.009241394197218963, 0.5539966198239656, -0.22740006897597573
0.37707314734604114, -0.11752453535251878, -0.13076624810586246, -0.046760053616258644
0.18342272393498107, 0.42024101538297676, 0.4696883379834574, -0.16602057537025056
0.30430398397375813, 0.7057962003119143, 0.5757706487020587, 0.002057194682095571
0.2416296032900411, 0.28847328444054937, -0.1305688540037159, 0.4655437384431152
0.3273661235012818, 0.7580763298198808, 0.438190214620142, 0.015771137414867603
-0.3390373006418019, -0.050537598460866445, 0.23055539441754666, 0.22723833030708235
0.15753872574836908, 0.07766861826067142, -0.08256222729746389, 0.6541101834987054
0.045407003874102576, 0.709698336769147, 0.015317648676838741, -1.0816689171857385
-0.4293333365387225, 0.19630917995873567, -0.4037368757046308, -0.5149379522934819
-0.49759176499931496, 0.33327473850866446, 0.06529958887684219, -0.13881636068622366
0.8746670671950215, -0.0938901838394341, 0.04803999543000613, 0.2719793599798408
0.35469092688850823, 0.5029023365459981, 0.34459167733231183, -0.026735722560802196
-0.16469626217234762, -0.24972549532262434, -0.2815017504019002, 0.39756107763309706
0.24851696068474605, -0.35883048948125595, 0.28688185077829986, 0.2910370969558092
-0.04923286644161653, 0.24128408418783565, 0.21469809717101732, -0.07140291628530306
0.23323332329683422, -0.02703019134500055, -0.5181387646658704, 0.26609105016420187
0.2132112997950308, 0.3430189584470066, -0.24039758679985582, 0.46575557835021014
-0.12667890059171144, 0.03500527263884093, -0.017623796648981463, 0.2515524108850215
-0.308079038055495, -0.307773014292119, -0.01576464854552319, -0.2603718137096673
-0.5441733840178189, 0.4019340282633574, -0.022339058452021745, -0.18735610387847207
0.07629209705328385, 0.4808995691471015, 0.2621492032450635, 0.6824184524568153
-0.34358538827476964, -0.29882764453676297, -0.0442563618164938, -0.14803075690863182
0.18105137947091893, 0.2652192154915136, -0.22366871848687508, 0.3744968810287075
-0.39656259551240886, 0.3876570854073853, -0.08301380582760069, -0.06699872235053768
0.6012170609557229, -0.2729559470656288, -0.38609371842324347, 0.08253045999042762
-0.13273578488617216, -0.405729624840019, 0.2473593420119061, -0.24165324641013355
-0.0647247742993733, -0.5851921760652474, 0.13655185557470187, -0.05086730467108243
-0.1288037819675415, 0.2288620454015127, -0.5188579967365045, -0.2908713742593482
-0.49924425677624984, -0.22507321438870906, -0.11982688296403403, -0.3804356138790179
-0.34421379125117585, -0.2945351270259584, -0.16486223522916707, -0.08386601235219343
-0.28660220413175935, -0.4284351493532255, 0.054028593210310276, -0.2762244463653604
-0.1305626614712611, -0.02754404482251883, 0.04920699272137967, 0.14913073204376842
-0.08651205339469906, -0.5279328322929198, -0.18967239451028917, -0.3802758497149077
-0.7568583002947485, 0.21092140738752999, 0.1155616281034575, 0.007475682999971245
-0.17540793535127222, -0.007361897040521364, -0.2843200730105196, -0.4601757829394009
-0.29372514000948496, 0.03146360027606953, 0.17251814536115168, 0.3777163276534168
-0.2457128969469865, 0.2917114417910452, -0.0381687635185583, 0.4792754356272219
-0.3199405530484784, 0.8561046908117294, 0.47211272167156365, 0.1253707340852384
-0.2153161624574026, -0.025412852107975756, 0.05100793025116771, 0.35309457757332213
0.01007627550856229, 0.5787559244930401, -0.07203956284029321, -0.08624171672040645
0.17396995192483164, 0.05545765963177325, -0.08203962380329943, 0.858830694198017
-0.1529934786216255, 0.8975080758307379, 0.18614594576041624, 0.04352567717195467
-0.09566004595156061, -0.8962489699950728, -0.09345905119343345, -0.10771661692458463
-0.49565771305480544, 0.22617850869537487, -0.3352486242580403, 0.07584339566615297
-0.6403588845056513, -0.20809880816315263, 0.22088995832599106, -0.17664300984591436
0.32829144737781885, -0.3169101043053368, -0.11670893832550885, 0.0834983335971984
-0.13959497273482416, -0.0024205880527991674, -0.3763510420469501, -0.34334446167303
0.5924336470516396, 0.7330045857275274, -0.205433136214438, -0.6318376929282747
-0.07831668222314261, 0.03952885512276768, -0.3936984188082909, -0.2876222562599518
0.1541142454539351, 0.10093393276492589, -0.30632429733896116, 0.08780102138891833
0.059140722766875924, -0.31616973642270807, 0.3121617557816351, 0.31014259631029006
-0.009712548338112931, -0.2679686975119538, 0.4356472083296882, 0.25505383040381396
-0.3453903040902771, -0.09264129181468549, -0.659442286784278, -0.22506243977844895
0.4728581694582019, -0.7340504053916839, -0.21731247648023594, 0.20975436468691858
-0.12195227231233814, 0.09546120934332777, -0.4041827516334795, -0.4847625212369559
-0.25435285941647656, -0.280627580535977, -0.38776788933662254, 0.4555729484345384
-0.014056841129596443, 0.46529964087112813, -0.26294768029166604, 0.21659915002021118
0.5152050521477137, -0.6105939527225144, -0.004318475622672143, -0.18980687293653697
-0.6482189771938185, 0.40401405870296836, -0.047757728346611926, -0.33274792222684635
-0.31840554278348493, -0.04699418931747746, 0.019485631681664436, 0.19619657450802636
0.7972258375907686, 0.05340670839008383, -0.19657504073002058, 0.530118186424876
0.20819232275590147, 0.22177301103487546, -0.259161612247781, 0.4859925586565005
0.23441047055755912, -0.48791103713150974, -0.43573888730135396, -0.49019715413540305
0.09637445928354495, 0.21276905245993485, -0.008702501587400302, 0.7736628735878615
0.551908589789563, 0.04263650962015366, -0.14727924831968833, 0.3628566062578727
-0.13340156622017038, -0.0016644534912682815, -0.5038124344486999, -0.38039869982935715
0.08978121463566716, 0.3284852915340841, -0.2649488347946715, 0.6621477082019301
0.6438495225869935, -0.07373264577558672, 0.04252825481224332, 0.2803043015252078
-0.03090265691008469, -0.12614319308770328, -0.24967376643583508, 0.17555836085672583
0.033078864958607936, 0.8361360488816111, -0.03923971288037605, -0.5394822674107446
-0.10305846381529696, 0.017186888396125248, -0.19480077509228094, 0.24346411379006366
-0.13213287566693835, -0.24824380247815392, -0.08074497490155041, -0.18194008938507172
-0.4762135391875431, -0.5847432713183482, 0.2214642970729417, 0.14475816839411793
0.47001138368783973, -0.0461825792017895, -0.3323399354433153, -0.2578846331444679
-0.20063489430409248, -0.2878308058331538, -0.16568403303823026, -0.05272576059607391
-0.13143671016085756, -0.13840302075795732, -0.7815178438182885, -0.3617539467844989
-0.13841361856254417, 0.5319436414098146, -0.7434901513407729, -0.1858777371044082
0.10026525303563913, -0.364931205175336, -0.362895945126327, -0.7480489697934589
0.10764178330142847, -0.3715713579284399, 0.4985574371523266, 0.2841589250539774
0.28388787082185546, 0.38633540942504413, -0.12475119873829915, 0.7286140990119123
0.3199299461455767, 0.8283287704352676, 0.3613370815200642, 0.08270152011949089
-0.29907455049205806, 0.05303855939293898, 0.8534914972665062, -0.191997216499987
-0.3321869546530984, 0.45444201723186284, -0.18942369472684073, 0.572798825952462
-0.15557667193679792, -0.028446417262329923, -0.6621643216708885, -0.3221920916244795
0.18141087059660504, 0.5209734977926546, 0.0991047254809332, 0.6842202405093817
0.19387874715353615, -0.41360958387924684, 0.5505144124995596, 0.3993055177285415
-0.44045564776820406, -0.6582404676379583, -0.3234879555137455, -0.41729430568259457
0.003179059143790995, 0.6213905268891151, 0.08418456375609039, -1.0057054215110448
-0.07414617914763719, 0.14752424065963007, -0.253278162590976, 0.2865377157938314
-0.26646167809147425, -0.3096598445350667, -0.27543577442132855, -0.09649826467738648
-0.34112652740009136, -0.09381594468126218, -0.08586097337434885, 0.22773487586016725
-0.04730940956880119, 0.04413343668770357, -0.5313820426875042, -0.20925563229725974
0.24234598731749513, -0.20351788494788892, -0.3197225549036333, -0.0020500318049190554
-0.35453574958337053, -0.35837287065042056, -0.5150151858871179, 0.4802113744928836
0.3528354186601212, -0.12521564371005048, -0.4509321235032554, -0.10743659424147978
-0.13937937376369228, 0.01871292739557312, 0.3459273331437733, 0.45686722141208425
-0.1886992000244683, -0.08774869056354784, -0.33861286954289516, -0.14689327095366467
0.48557832542469376, 0.4142468134824068, -0.1613136614175769, 0.011348048139369462
-0.1957747959781978, -0.14057538438332554, -0.3183746619130519, 0.25998076727327063
-0.2688978217665791, 0.3909680142642559, -0.31288839749934044, 0.3583587751969523
0.4681755968370891, -0.5313616787029789, -0.812447298792485, -0.25576158389047465
-0.19030856763834855, 0.20116093698720275, -0.27755068858478904, 0.4391297350518285
-0.050784956706464726, 0.20098824873105112, -0.3744840238812169, 0.3824092913491523
-0.08681046413070377, -0.6441817892932904, -0.2616465028685002, -0.30029187936585955
-0.7024960013011772, -0.8020340565309992, -0.2286589962151434, -0.3012045229688583
-0.5634242714817405, -0.23864247802048827, -0.043136643410103294, 0.4103479508493725
0.8182876478663544, 0.09101177462563294, 0.32419281896600405, -0.34750938531688685
-0.15406381460710378, 0.247474565132347, 0.20813538944263474, -0.09530845211894964
-0.0869499660760705, 0.6491660763478332, -0.44642586006285645, 0.4016929027855658
-0.1819102046896602, 0.2716937032461065, -0.2985226901467398, 0.33087756490610776
-0.06538971121637116, 0.19532788935683343, -0.7068392646575594, -0.21575986550070145
0.807738567441763, -0.10316179592034896, -0.0973936518186179, 0.36914705097345946
0.3668203872658936, -0.5982643724779914, -0.36283550699483136, 0.16526155771674006
0.15353246779134297, -0.1141490360620103, -0.5012307204656878, 0.14095263279385006
0.486932777817471, 0.13621142926500288, -0.616921665765997, 0.07229761187073222
0.13355669088135175, -0.3746783207503397, 0.4863468243931276, 0.2525760316482899
-0.037692993000275676, 0.007377383821532924, -0.095801806291541, 0.8176642612763309
-0.39284108841866666, -0.6242883277259036, -0.061076123749644266, 0.22259396483394092
-0.5398233867192964, -0.11172621646719393, 0.14527328693360708, 0.35621556681108496
-0.4082180124119581, 0.05262304445357544, -0.5084166964593092, -0.34120545503002075
-0.23511150436461106, -0.0613390844976699, -0.6115027748997658, -0.12967030135780389
-0.1444796777138018, 0.04229976374736233, -0.6756602336790302, -0.11731771345093023
0.7650291747092053, -0.08236478282341478, -0.042911526617003946, 0.20786667135671882
-0.32042694779789443, -0.030069876145530784, 0.0498403227647202, 0.3966045939073214
-0.2958877701297661, -0.5610791143896369, -0.06550246870234486, 0.27168440261432686
0.2907200233830222, 0.40942464271777623, -0.2555205513516471, 0.57129026761853
-0.6013757124868684, 0.5148924521711177, -0.404237739254399, 0.08909240068124563
-0.23647511473033156, -0.5757174813875573, -0.4577850022892912, -0.08320937451111746
0.11966259144619573, -0.5469218113960136, 0.271963489243094, 0.5106128200299969
-0.39589181759653524, -0.601888174869799, -0.28038384560943275, -0.4553210483287427
-0.00773610061124329, 0.24167087843269242, -0.7201706762338816, -0.19267261098958344
0.39147202081096044, 0.07176122034867559, 0.13196780020652799, 0.12255926174662952
0.35884992721421566, 0.06744614376885781, 0.01023585722185776, 0.15196186765303762
-0.05647804599349164, -0.8218690885457383, -0.09309441195563255, -0.049537681688463446
-0.4711740417656575, 0.21757414496381478, 0.18419253188929025, 0.6600334901857415
-0.386450007579953, -0.43770591612555715, -0.28845679737066543, 0.02357402848429784
-0.08195081461629242, -0.5797725294063484, 0.3521706206319694, 0.546686381383648
0.4921769544506661, 0.6523390494986061, 0.01751539742854215, -0.6358674258030281
-0.5818622254389695, -0.21671349557049696, -0.4899428143172215, 0.35490431769364805
-0.004122143451744631, -0.30589704664302364, -0.5941345738797774, 0.3024895473016424
-0.03736942116266472, 0.533704713823566, -0.2628316918344535, -0.09693636571200842
0.3678420074306723, 0.03381487349533481, -0.02950393525956097, 0.17161221504342758
0.33645903542238487, -0.003087911424223379, -0.02774306737658633, -0.30486474243874784
-0.5189489260603382, 0.13743666769663365, -0.1044134916283495, 0.8271993712076061
-0.30784922141136867, 0.7963809689234429, 0.35576148421434506, 0.1866183223302869
0.5083944150523783, -0.21576301450038976, 0.11685107559582403, 0.5049241987898198
0.2679872593055185, -0.3292392530999079, -0.3276306583472974, 0.11865252616194119
0.2198360958689759, -0.01336705465739863, -0.49427168296438934, 0.08533818020414233
-0.2547041468318542, -0.259273242334209, -0.2858884604961417, 0.43218853265854684
-0.04744533468191773, -0.42661496272981847, 0.12847981255997984, 0.34224986870800816
-0.3640428346857477, -0.11904299349788651, -0.14196858889945546, 0.4204701875582066
-0.3114444288972063, -0.2040427306084642, -0.14654142123525524, 0.3995324926837671
-0.7392321236719015, 0.11910920016730157, -0.19063275801098134, -0.011329253117434532
-0.4890681315113203, -0.5972410014067153, 0.0643923694898004, 0.14628947228402972
0.07009959773668499, 0.4883998681966211, 0.6369120005232699, -0.07361157315082063
0.27561530779575183, -0.44254017351374264, 0.25705441239422067, -0.5708495068305022
0.5624260906565636, -0.17021850767849933, 0.010863468350105895, 0.5704921329025678
-0.20056505447337297, -0.5813597380051853, -0.37895914718604873, -0.0356410004968528
0.23556147971495353, -0.05547228037278575, 0.009155416405678261, 0.22439377867104
0.7943387320439462, -0.03201615053870073, 0.4131797350166289, -0.14946664230533158
-0.5860048453418355, -0.1762051684935262, -0.2772006728486214, 0.39206254888465625
-0.6610572536084693, -0.30208929775012366, -0.031689356487937456, -0.21396324240163897
-0.15095436462673903, 0.021351169491931072, -0.6329331622304415, -0.10134569700527307
-0.171260963051651, -0.060696179185225116, -0.5894947629210133, 0.03772887320689898
0.24911187469092216, -0.26517456782600657, -0.12173848160462004, 0.13816358799155687
-0.05744337721286962, -0.03171341571292548, -0.12876465745174262, -0.004618140831644747
0.5540492058208409, 0.28760730152410935, -0.24453257061486539, 0.1872607565433229
-0.2411607590930754, 0.3417191420256118, -0.1980282736052161, 0.5250770505400929
-0.4087313067258563, -0.057050775404050964, -0.5947948901601471, -0.3066212426096662
-0.07057063274062188, 0.15380540277025412, -0.5067921649577448, 0.7819795211335214
-0.2719463766666537, -0.06709243301529216, -0.07070349627240059, 0.7649444547789475
0.17591625285485052, -0.044342872638488164, -0.28430780798601935, 0.03280714495166147
-0.5919304149950728, -0.798352554976581, -0.17071206051421708, -0.3281485156131271
-0.44365189824570833, -0.39517450321555714, -0.1813418926497006, 0.0022601736432496422
-0.0988561730420436, 0.15378299118458683, -0.3299307744502703, -0.43783925723369616
0.32500106310215904, -0.3952919078602504, 0.2647890275076939, -0.6489005258148848
-0.37185282434702, -0.05818067114669993, -0.7036816471529496, -0.192004243281585
-0.39244563020917034, 0.5241616291911799, -0.06821881411769425, 0.5314282291381991
0.08773623362632443, 0.5624168378265645, 0.8055313027134713, -0.13632719164260154
-0.14814102060598225, -0.07793365115982784, -0.4716981021485149, 0.3368240699624128
-0.059167010941489157, -0.4705803253160941, 0.10283725063285266, 0.4495851755158073
0.6641737634212, -0.5493436376940966, 0.10610634541873454, -0.23029470808439523
0.8206907832204317, 0.029152846503829287, -0.21087890356453312, 0.609724772522972
-0.08917913834924106, -0.3117537761284755, -0.07993521843633869, 0.5175275699789038
-0.013537749497336727, -0.2049681291218338, -0.49486160396676687, 0.2709208290095685
0.09780315766922024, -0.43367125153839575, -0.4363566581323366, -0.8535566602665493
-0.2377153656243431, -0.15885056125839653, -0.30081489129910344, 0.43128600483268353
-0.1826698992617518, -0.6177730398034672, -0.5252498862992411, -0.15950874591159614
-0.66718235355025, 0.34079191231829714, 0.10690373869695051, -0.14356232636852492
-0.5411638129555941, 0.23995469541600417, -0.38891275145892723, 0.17541519155600302
0.0514862854306111, 0.23455283572494498, -0.44831061203987405, 0.6792453913930542
0.2223533760113096, -0.47287410138980834, 0.858259616638155, -0.21291938810025066
0.3755342324383111, -0.009244177110083872, -0.7733072899054773, 0.1917823527525166
-0.19406234784396664, -0.7056132596129668, -0.05582605570505703, 0.044458908210897236
0.48827784128132057, 0.10660663831538038, -0.7415000793930654, 0.1920294192938569
-0.7627794027675328, 0.261142712719082, 0.08889948850700637, -0.01644196909740798
0.4974325161559185, 0.325604241305739, -0.1929563004006294, 0.15670877147853451
0.5029379630731602, -0.16641744561738983, -0.4673033026312423, -0.2038614125805655
-0.2770863592323116, -0.23063812404468906, -0.553985252247646, -0.08370495898639632
0.11026539046863627, -0.11144555913132509, -0.30826193191586154, 0.1952394274790669
-0.3646115251657047, 0.08993254799147823, -0.5099405756825179, -0.19563580171092765
0.12183035089322532, -0.5514736195979842, -0.6609029489568263, -0.2201820824200464
-0.28041204017485855, -0.22436202528508598, -0.522195149415699, 0.47971391923582246
-0.22101373277276518, -0.35031008760931437, -0.4359774271759185, -0.01548098863963822
0.3561125782354172, -0.44235232790945256, -0.3639460190803268, 0.14255618975496942
0.31427307859753273, -0.6141403582677081, 0.14633261713696433, -0.5780853006760464
-0.09210244699468033, 0.15864008671047683, 0.03919007556358197, 0.3527610066738783
-0.15921927466262348, -0.9186675896806119, 0.007466413540298668, 0.024216745699436652
-0.22497196989883714, -0.14882031264550263, -0.33940457317162154, -0.060675407018330296
0.2968081791469919, 0.7033321918709161, 0.44736256552948256, 0.11116581443884607
0.6371297925706344, 0.4014036259932535, -0.18146312001923617, 0.18390068287641112
-0.17889094488460577, -0.11270149804062814, -0.46394088288124086, -0.0784440008165568
0.117262068047978, -0.47155090652258663, 0.057126280843966246, 0.45909007849377387
0.37518552717747866, 0.8098832515735164, 0.4319986272478508, 0.20818826422845135
-0.017355643497121043, 0.21745011098984143, -0.43226766149781287, 0.8738983370969209
-0.3709968629180724, -0.6307787068372631, -0.22961110069854038, 0.11129594560863014
0.7744438545438689, -0.021825109075115225, -0.5386094827860726, -0.29238994966514953
0.4131586730925957, 0.012368492877567874, -0.7750102104466664, 0.16905422014293314
0.028219622794626368, 0.2632319188997436, -0.44582456002519605, 0.5961583902982385
-0.03209071994572886, 0.09021960405023821, -0.29017808111894505, 0.278994776498877
0.34795098047939116, 0.7729935464489288, 0.38315178815898093, 0.12737760162762235
-0.10982845244576328, 0.16658840442108405, -0.7538485778395104, -0.23736232402168084
-0.5824772167871456, -0.5133422955989372, -0.19221753454013354, -0.13244014285645164
-0.4230102273355847, 0.16105109808791357, -0.08641609008126089, 0.7560134106293236
0.12657208951479645, 0.05893953605891752, -0.21935008264639372, 0.9514960896009785
-0.12012604557633064, -0.027332295834033363, -0.7429194607765961, -0.0880909191273462
-0.141680488197431, -0.12359241267836175, -0.4417068378065793, -0.02980975192394775
-0.11502885459136691, 0.15021429519555504, 0.09724149742423277, 0.00046877086315039006
-0.6780690405300704, 0.43297865315601514, -0.00010200876460065807, -0.20462425384163638
0.29059827543239375, -0.29608394599812543, -0.5741881778663745, 0.17403828647307668
-0.10055069637964481, 0.036078840459217484, -0.7058861412239869, -0.06197651549000556
0.03416188930768885, -0.018319448302683634, -0.18158178418238927, 0.7763390592884271
-0.05466068123436505, 0.30547226660963256, -0.7464755398856739, -0.0791590506106747
-0.3033082253190315, 0.038684869004476916, -0.25159563136629315, 0.7261221735497678
0.28567998913551446, -0.2684487277101465, -0.5550534562673733, 0.13186726170770127
0.17042481787629804, 0.470082740015867, 0.13781012806473034, 0.6690696171115225
0.10298478512360418, 0.25739705619088155, -0.6902316582036672, -0.24807254174192458
-0.36711847063613906, -0.4949174874900991, -0.13825965702634224, 0.12794443133169042
0.22556052360458834, -0.5042506191430198, 0.7563827514302444, -0.2591313620463791
-0.08225859047976466, 0.3676095999076392, -0.48808680161751755, 0.05117410247792485
-0.7615100999038217, 0.3075272388281684, -0.13699904882438896, -0.09275768552540312
-0.5211871568428624, 0.23218169387822699, -0.5183833029202415, 0.18910969847708012
-0.66234470012934, -0.2161232451052411, 0.09121224128116039, 0.4691696211780625
-0.5309218479782267, -0.3990651141870333, 0.0044787117603165396, -0.1281746509015107
0.14808175008152102, -0.5298622852893937, -0.040289503017488654, 0.3098552712954017
-0.2925504346208093, 0.02372313995826114, 0.744620617092823, -0.15991537827151867
0.11621305244686612, -0.5547554358331509, 0.34863503611531005, 0.3131179823156745
0.2368319864786713, -0.30531302840582314, 0.02948157880219034, -0.48110498813266345
0.157891662677195, 0.811621273318532, -0.12996431535258915, -0.40302211132869065
-0.701140421623779, 0.17030886972564369, -0.23574154858623458, 0.1260516029020596
-0.19318580371860097, -0.45450351912173725, -0.32429650999579807, -0.029906499773600798
-0.5813553176941244, -0.20329391501026295, -0.11208318915957209, 0.4431611165098987
-0.126057705922308, 0.05189817906643874, -0.7835324770729875, -0.06533567407158576
-0.09344772390372114, 0.888241513024446, 0.0026179763771747903, 0.035955745892231904
0.6337187268720123, -0.05020989912056523, -0.13724591545096254, 0.3982931428785657
0.08984577424503458, -0.5451248803096357, 0.2466607191469537, 0.5744156960296677
0.2784059672173995, 0.9000170359202516, 0.34633139486009384, 0.09565002295423038
-0.3949536687838128, -0.4115908087135589, -0.2196496046671043, -0.06454527700241564
-0.20423421123401642, 0.030163317096197618, -0.4360161878301781, 0.481849497409466
-0.2578899422708514, -0.0874136730573059, -0.7171073557722658, -0.16592427248883676
-0.030162204865327454, 0.15354445687134427, -0.32476444773200447, 0.5380875415397935
-0.5285031438550932, -0.6246780945651786, -0.36542126014037013, -0.2758351255356647
-0.4772601917999668, -0.3582171317619187, -0.3059805842662767, -0.04820011377446649
-0.6714367147778053, 0.20257583993547582, -0.1471331515007879, 0.1480611330781545
0.5669691089609336, 0.42226896693405, -0.26856069098633994, 0.11773011316017526
-0.4921927250365558, 0.32778703388816816, -0.22782475148090559, 0.7559011285178816
0.5033904396727306, 0.007818529284388597, 0.22095516918325125, 0.4158677140886809
-0.03380832167340502, 0.28421286681517993, -0.47919142623762656, 0.6147323859054381
-0.4622434084000672, -0.37856624004700223, -0.28866930823114284, -0.06296811329143744
-0.6229748878807184, -0.34216060734694415, -0.023652056514943943, -0.19807684301129852
-0.613912290043265, 0.2956253574222549, -0.5077150345412781, 0.13724615361331896
-0.16511633408758053, -0.8326659823733795, -0.19580149351741927, 0.0199577773035908
-0.7029003362455041, 0.3783354986720631, -0.3963613200803893, 0.18735610953097012
0.1131155913436188, 0.6640009375551295, 0.6101258663250775, -0.06219970322598644
-0.434126130273175, 0.8242506996988664, 0.532124853738176, 0.12453438387820351
-0.3308145434090757, -0.07614712696817232, -0.35723686484280637, 0.48157702086997534
0.24948979607693705, -0.14097274460847303, -0.4822152672084869, 0.09568470298369143
-0.3061763511531779, -0.09731890438945477, 0.007800418995852565, 0.32428837531684435
0.21392046863798883, -0.2528551273285184, -0.4580770488593111, 0.10226169355858482
-0.5439015737475814, -0.6486955380741748, -0.001369970101670814, 0.1507202396014177
0.16706245971843162, -0.3228464271297766, -0.5716490755830206, -0.2953471418166931
-0.6034457782284499, 0.5273428563972947, -0.437813905257284, 0.0847750973776542
0.31673310431678525, 0.6870005570836637, -0.15726702946586918, -0.5243383658758085
0.5501912041410819, -0.12387875103160695, 0.06774521819053944, 0.4121529365386834
0.11997519420502024, -0.24305665966692108, -0.4826770021899408, 0.24124088897854148
0.2416418514420559, -0.03113379065194879, -0.19363365217900239, -0.006617691183564401
-0.40392885122881544, -0.05209333332691671, -0.06249053664549987, 0.7294816189451545
-0.6243214945738034, 0.3024639816989786, -0.45427054358597796, 0.1622983866351694
-0.6814865893229944, -0.6448082448178243, -0.17522893355622454, -0.12858151536171095
-0.7703517151025658, 0.2834206143306628, -0.2337212339270968, 0.029594139672850628
0.6335959182725313, 0.5186042873583129, -0.19217601843063642, 0.17311861137595488
0.35640300903073846, 0.6152301743105641, -0.16154900706641293, -0.4908336879178602
-0.15708293508796528, 0.07501706797058308, -0.4911131523365137, 0.39940509514700734
-0.2332394546573703, -0.7350624624624824, -0.16552722731108965, 0.03942370319436257
-0.18246994106248396, -0.030803118005257483, -0.4332028881733333, 0.20790255814572992
-0.15915185542867463, 0.2590785355354869, 0.2904578663850943, -0.12604473249659717
-0.16437016281303107, -0.15770912380130336, -0.1340048793023813, 0.47574137390592874
0.7873328742810507, -0.5704030133264416, -0.11167195907216095, -0.19160545157077064
0.1162766349519716, 0.6166480760111447, 0.3830356402606509, -0.736080888075278
0.43054590099709683, 0.01481103098268856, -0.30352822209428304, -0.21459391757843227
-0.5638880488180014, 0.1483692390427298, -0.4644301894051793, 0.1753788029414058
-0.4933301144107754, -0.09371520285881185, 0.16591804041478372, 0.25252446351054014
-0.443709012656547, -0.10965502427654636, -0.26714112743832763, 0.3526499735976
-0.01937027177478478, 1.0027846306636157, -0.09855332976109685, -0.530239183840272
0.8823537874223721, 0.07043653872594524, 0.48967858783195667, -0.40582641245197804
-0.20426937514906343, 0.36021147610120363, -0.38887596366799176, 0.20759446372246648
0.3959235350819374, -0.4123952172249345, -0.19863029676938435, 0.02132711127775311
-0.13503485842428933, -0.6848279010403864, -0.27849237718627784, 0.12257596125657735
-0.016723301487852196, 0.3500637612447661, 0.4856262086535681, 0.2214042826401728
-0.39529415356590214, -0.6725759505599278, -0.09975944762702711, -0.6631216928396452
0.1792875893577797, -0.3509832358352767, -0.32733888122321625, -0.5258262939373978
0.23845367398251044, -0.14364551267646855, -0.5668539463698019, 0.0986503530980633
-0.8908283777009233, 0.202725621344796, -0.06402463766649037, 0.18659241052491654
-0.4887295073495482, -0.3667516970469171, -0.22306443601399625, 0.030434892608094753
-0.2475437622348156, -0.13242159006566923, -0.15821436429384753, -0.16216630686179803
0.24548868164368234, -0.266267954648339, 0.16209580146585562, -0.5868381745650283
-0.7253873602603778, 0.24779411024846243, -0.27950332433490066, -0.03805205541289165
-0.16435545960165468, 0.17211168298019802, -0.1666726308596219, -0.5178124425944014
0.2828219876597027, 0.11228068317550007, -0.028495496285234102, 0.13514713150652008
0.38564447639604055, 0.11672128877088782, 0.05376756048375516, 0.14617905889630717
0.3769922666969863, -0.5342167520926566, 0.02036887075352348, -0.11870410251329598
-0.7245454183741802, -0.7286853678786794, -0.10069017782056935, -0.14791013257868388
-0.22819983130492022, -0.0038285200730338417, -0.6875050367332554, -0.18451492200316913
0.8173933642044167, 0.033812037290116025, 0.5265825601074977, -0.27859656511178305
-0.12075922188612277, 0.3915698844186682, -0.5106878090866671, 0.5624001087810602
0.21057734913382922, -0.12969886287544372, -0.47201501804057694, 0.05605856635381695
-0.5020711851599342, -0.13458609621889409, -0.49441535097078587, -0.5157203375417271
-0.5177665865660429, 0.07178541835609198, -0.6264985616686503, -0.45076953288503224
-0.155513727440134, 0.4865108180977524, -0.40242259884671305, 0.05253938375740011
0.04737494594583232, -0.47987279519869513, -0.4773350848592602, 0.46829472535570865
-0.41477190472722725, -0.258504060393145, -0.23055645430527127, -0.001316357059871743
-0.10232711169119203, -0.028315087598430728, -0.3321772095525616, 0.5790091234687719
0.2572078430729845, -0.4200597221859546, 0.15979938320148285, -0.6378075244486417
-0.39986481178963984, 0.12340041056226568, 0.3554157804755584, -0.8705311284498612
-0.09869911222579762, -0.09690449536760692, -0.3281727862005525, 0.15095616737856105
-0.25189670734039116, 0.7805066678373112, 0.11565403963222647, 0.2573405622264996
-0.07496135534280605, -0.2550385016162642, -0.11747707408443844, 0.510559899506506
0.26773701380061016, 0.08246871656083303, 0.098442801831207, 0.03515629725613625
0.31074726979377065, 0.7657436981409282, 0.40240701439414256, 0.10164821287039644
0.6368095185513307, -0.03942641124824615, -0.5377029984820021, -0.2767614737174163
-0.4421397596279946, 0.19944512953671759, -0.21531064888747387, 0.6473722543011768
-0.15831872387354812, -0.054192602899063747, -0.29402269293517463, 0.1312921552638581
-0.353824170207171, -0.48353957075934356, 0.06756735548517565, -0.22196339045130073
-0.19371347346878814, -0.5119848087242014, -0.4083731461878889, -0.21122286550375358
-0.21896053723272, -0.441513613202006, -0.3690563856858637, -0.08692955182075812
0.6404937505751337, -0.11758487138673063, 0.2341545397570114, 0.5675754688579029
-0.06803440777461846, 0.5910095306802171, -0.51391191853828, 0.3146916325464768
-0.3320680363252756, -0.030199286445549443, 0.02004870087150142, 0.7666666627170629
0.36272005728112255, -0.10403975868669144, -0.39191369127921377, -0.2088593052286536
-0.28619493866914586, 0.007068454186785702, 0.6531172396463275, -0.0877415864471549
-0.08024242562006259, 0.1528760569551474, -0.48177497678679626, 0.4562478090273072
0.6629730877881341, -0.03025796533279995, 0.22296692668726315, 0.38444313445367223
-0.4510889566833446, -0.20199921945186247, -0.05997568841320029, -0.27387953913841945
-0.6077338341462368, -0.6462280302901083, -0.12501030578886727, -0.3994446335057948
0.31687960415603156, 0.24434966225333757, -0.550808550591334, 0.04172476258589131
-0.023829888066831537, -0.19016133917745162, 0.2070578258789448, 0.15010078682040992
-0.6865597490548055, 0.18183456015387506, -0.0962582414398481, 0.046179278283918934
-0.1517185091684905, -0.6779863740023211, -0.4816999537118378, -0.27587607881860504
0.6141175942887669, -0.00611415533637317, -0.43787103951146156, -0.2602930156266924
-0.3566668173564804, -0.08052802372414318, -0.04740543853713024, 0.18324773064480684
0.2787731958328311, 0.050256232317922846, -0.017699071249968574, 0.14733897574501367
0.3604006674809316, -0.33857565126412487, -0.1342553804778152, -0.0655259012966361
-0.09402116023321644, 0.21185821752915265, 0.12752013128242667, 0.0017993390170060767
-0.19557832880003012, 0.11668886846307613, 0.036642973972758876, 0.006868444724983421
-0.4469576342091908, -0.26897062148410716, -0.05663248034104102, -0.13416241609656349
-0.05345123980641462, 0.2267916670531248, -0.45317024950594303, -0.4088852514364125
0.6750587107436538, -0.013048727870470164, 0.46599641397017316, -0.2147363751578127
0.044934393980561725, 0.10953491161353474, 0.11707753963879382, 0.6403759302334959
-0.6415035919501679, 0.25051160193099203, -0.1210163465934787, 0.042202627540177236
0.25061781577321807, 0.7174037438070846, 0.6128366733137921, -0.008702485285767551
-0.08135108043390994, 0.18237595225994865, -0.298232208162643, 0.2477468716099141
-0.4208813739154461, 0.08247949828436182, -0.27265409006476793, -0.6562142750635622
-0.14709730309125452, -0.49338876751489297, -0.245993393687312, -0.2955541632202896
-0.16935144830431373, 0.19020898020591873, -0.6261815567130006, -0.19202757685508176
-0.06071917626759891, 0.5235530200031008, -0.08730956028766726, 0.8232871953257582
-0.18034112875075606, 0.12601065892623736, -0.22591690174894635, 0.2821734656822504
-0.5507953417125517, 0.3411261196129926, -0.04942667617637055, -0.13836761258900002
-0.4871653816534036, -0.06021492212709164, -0.5200085482559769, -0.345249344059316
-0.04927037473600765, 0.07336452830666104, -0.14965424357121437, 0.7728443558178235
0.2542549913787359, -0.2670302961784347, 0.2365818516052808, -0.7704831699499707
-0.14492348959210158, 0.17157609492527737, -0.23852590210044317, 0.19352540856094566
0.10147786778214213, -0.38374702845050035, 0.4464640667526166, 0.1813880761161127
0.24711722807991884, -0.05661450015717192, -0.16216765376403094, -0.061204164689774306
0.7637512925056642, -0.00768546685756482, -0.16585611889276178, 0.5155017817070207
-0.21661820475476987, -0.42437385522985754, -0.42886309301054504, -0.14364211949696531
0.02974803384169835, -0.07386615654366267, 0.45100033369878917, -0.4531382457901278
-0.06452598908093787, -0.1173530421757591, -0.13318398615077473, 0.730456298887977
0.05977258107760375, 0.6082394705832759, 0.3961191950544851, -0.6398076100459869
-0.4232486286742355, -0.22554547399375485, -0.05988025105731252, -0.11575822571576197
-0.4751726570255873, -0.638971563303118, 0.009086115312912153, -0.14812426095562573
-0.5329581502047208, 0.3862505957506681, -0.05965640310118236, 0.5679625508649142
0.26096286873653785, -0.1140339963224923, -0.15026551520654555, -0.09164791321542116
-0.14308173870657961, 0.4870988776511625, -0.5534053524486244, 0.36320626909048004
0.6585008370330521, -0.046741270444873195, -0.310419236031542, -0.382645061094744
0.12564008504453544, 0.4212886577090086, 0.5365091444034518, -0.0073872139119061505
-0.17643377221155868, -0.18483557643995105, -0.6805567106425656, -0.370755529736598
0.0005955784956707012, -0.017821044432871535, -0.18903907076061063, 0.6815000310097418
-0.3825125984422238, -0.044623362827118936, 0.09553694331495724, 0.19345878723884868
0.07258389772346119, -0.369792103480861, 0.3956330524159907, 0.21316852153778698
-0.09442318107540253, 0.02935199602457695, -0.34800964033745446, 0.6266838676061292
-0.4040408396484483, -0.3504189450784011, -0.16272274795342506, -0.481891709250018
0.45908002114588353, -0.11075353258252195, -0.3928253021926042, -0.33212184019393565
0.6720009168422462, 0.5146095533494821, -0.04745858540633669, 0.028478368177835486
-0.37835897332107604, 0.41724305814984186, -0.2317258441257402, 0.535018605655481
0.31322919057570203, 0.037913438810265425, 0.14873493030835958, 0.06655996517152624
0.0399228140695323, 0.05852940631805556, -0.6617916076481097, -0.5175403362028426
0.02072849368134613, -0.5069163641259526, -0.5024913190640875, 0.3591761206041398
0.7424503063430498, -0.014775786873279781, 0.18746531936905836, 0.3566738956472732
-0.37757131596902666, 0.33296912671387935, 0.018268602373167023, 0.4435095517453006
-0.41007386470301627, -0.1382454427821862, -0.7711347037410299, -0.14346988720628873
0.5118247517470237, 0.22604520282554974, 0.1278080747714888, 0.03215736068078612
-0.7462061225065266, 0.2231003653808656, 0.03113739696712547, -0.04967568486573599
-0.6644067468406891, -0.3208440881176019, 0.17722954684718245, -0.41333741577408323
-0.16287569062424195, -0.21799668377339554, -0.08392682112236001, 0.4687420353620865
0.054861022858607236, -0.010565957552511501, -0.5736373250856457, -0.4426941311670826
-0.7401862739820714, -0.2370068273187055, -0.2837170535718909, -0.2633059776549716
-0.09391685710998961, 0.0009472895623520066, -0.06807145515529478, 0.004110094391829173
-0.1468342102667282, -0.21485059378604726, -0.23461422091815873, -0.07056162584754976
-0.6772885784778787, 0.22959243671774565, -0.03703807996632016, 0.09200192711468007
-0.1923843671807943, 0.4924978412471257, -0.7209925372354746, -0.2614582928073053
-0.6121135477816682, -0.48481572220524544, -0.3069919285598534, -0.11107876294847734
0.13293061671669326, 0.1796856697730236, -0.5022364878219311, -0.7334210142417117
-0.3371997343790542, -0.4346603205180872, -0.23278607835862214, -0.23794229112924448
-0.27440220765023715, 0.07776879813436031, 0.5700300346939055, -0.205082163984526
0.6452211056661961, 0.5088214290420341, -0.21255120494503102, 0.009350707421015986
-0.44639148989455624, 0.1349719055716705, -0.2620119797862528, -0.8070665466745776
-0.7786605371651552, 0.16415139195079487, 0.02449728673000995, -0.08040559015880443
-0.29979128431223495, -0.06136206680054157, -0.013433327619100852, 0.4462800844937074
0.20371802178874646, 0.3878727077051962, -0.14476950154577162, 0.6061373034035683
-0.1854466088806537, 0.03881935265637775, -0.6585789744610886, -0.19682921856528676
-0.32338912967223526, 0.06227281143136009, -0.47534128066641007, -0.17982217748020507
-0.167616206276524, 0.5002346455717657, -0.231641171433422, -0.047354796439433085
-0.014155468496475714, -0.3381752174250624, 0.3555141707295139, 0.1961924153758302
0.5480633692818634, 0.0901203287663162, 0.47370972722938, -0.28759180267586293
-0.2767343311147738, -0.17063746119581336, -0.35010673480387783, 0.3367112585258172
0.21760276633051168, 0.8617066625878156, 0.33841057398956287, -0.1009949633028483
-0.18615565620055002, 0.20529103995410847, -0.2930489863702757, 0.428178118197884
0.16378260164286948, -0.24277756710991857, -0.41647371417420487, 0.34451445645982465
-0.09257314557241636, 0.0175742785386283, -0.06414970200292608, -0.05564791587523288
-0.13019468133515769, -0.802459794575706, -0.003194405444983998, -0.13362078347720455
0.00496206719046961, -0.33019203865808533, -0.22199151198413294, -0.7361755486302294
0.6817509161043483, -0.03482868093179352, 0.2758013648462739, 0.34773968321826454
-0.1358145678088054, -0.4990050599352313, -0.3059368659446895, -0.2597770732260363
-0.8158244488207184, -0.3288912100758418, -0.14213688172332478, -0.2462321079518743
0.051126951441990816, 0.41120233353917485, -0.36807299497411977, 0.32319880816187874
-0.3347638368683305, -0.3740175161155717, 0.05472651303150212, 0.008366697257602557
-0.36783754767568855, 0.16046487296378734, 0.4283567803986839, -0.9290802062309799
-0.45531737039719394, 0.290080238546111, -0.1369124281676953, 0.44863424873493857
-0.5757828779076529, 0.2651570412474857, 0.3160549618809327, 0.7240740365981766
-0.3904877204186636, 0.06685159725327243, 0.7686734028043142, -0.2197794002653383
0.4018292019224538, -0.448619806424768, -0.6619033392655398, -0.24754045158217003
0.1945298194976266, -0.039138414487391325, -0.14152371151051377, -0.08194714803311241
0.2609483881322065, 0.035880800179847544, -0.4477618862972825, 0.013890873101462321
0.8274159909936648, 0.5638236611681847, -0.02902274460337237, 0.11042205008594135
0.48216273775255764, 0.12709643660523073, -0.6503210161703371, 0.10217061465011497
-0.4958279472771061, 0.8007740897768126, 0.4814441587879059, 0.05691045400038797
-0.09919525464866012, 0.24958984093649506, 0.02299511810386692, 0.29866951193165453
-0.7295451314581237, 0.26126403278000687, 0.039011608105088254, 0.06774263401765762
0.1574568951803446, -0.15618027890602304, -0.142455526352074, 0.016777383120678294
-0.5422592133355439, 0.5803324399190043, -0.22342514494418855, -0.06143847776432751
-0.2327411880078578, 0.35234370823459904, -0.09688422107894977, 0.1413397513321102
-0.19642838828232728, -0.20595387622629435, -0.11328834995282676, -0.36480214750285095
-0.3850626754810057, -0.27309821086922775, -0.11861887048876456, -0.1864190794704713
-0.4133753536478019, 0.08352692840624455, -0.5667149098239881, -0.32764024447654827
-0.3017422581114082, 0.23450869092365834, -0.13871715288016945, 0.37621762142304827
-0.06894086804002698, 0.08160842664575196, -0.38767889407580197, -0.5477340128793767
0.4621534475648008, -0.21711384608622222, -0.572573798830759, 0.02736606331052448
-0.4346353291467343, 0.007436517336335836, 0.189270955995585, 0.44105211979124853
-0.3306490816349236, 0.24579366332858116, -0.39660182917233733, 0.3419851622244009
0.5243561750778362, 0.36373549959261575, 0.054210883068127824, 0.009460381721260997
0.05647024664492662, -0.2399003496892734, 0.43926489927380047, 0.0916787123976607
-0.15314656946271263, 0.2968269388938903, -0.24396534854188137, 0.29335369660672667
0.024292520103648945, 0.1362378486388482, -0.7130588627178291, -0.7543751724002195
-0.49931532851013916, -0.34491639427801246, -0.21129725021269644, -0.1164727496995411
0.201738843528547, 0.4696060820253097, -0.36482719206788405, 0.5125671771138344
0.2680343994033366, -0.10243471044649084, -0.3953765927003064, 0.018152181527221718
-0.45911231762122645, -0.6507803385052526, 0.10611578970888726, 0.17327814009386086
0.22988997924041654, 0.1722932860679672, 0.25035675548030933, -0.09870037826629131
0.3719747946245558, -0.5702186522581607, -0.14206794891249674, 0.1821526522144581
0.23977050438842254, -0.08729385915760482, -0.6543026753845554, 0.34200738369985306
-0.2972371185988794, 0.21970264121879113, 0.009155648132373547, 0.016449441063157124
0.011653444135448516, 0.5963441133655669, 0.5992867693662829, -0.2539534723753335
-0.8505686050394697, -0.28998437686251194, -0.1288319593582016, -0.2827216995258575
0.4728668635837326, 0.05370541534495989, -0.29768430186161976, -0.3169780212299641
-0.2308441977872496, 0.08102362895868838, -0.38519485004761755, -0.17997273479936707
0.514689030408882, 0.4810368613274275, 0.17315125703657425, -0.8439382829531136
-0.44720764270615326, 0.5649547159739146, -0.1544889552347874, 0.3722579046895582
-0.4520839484577716, -0.0054568934963501155, -0.2841691194376406, -0.6764114698911672
-0.38588121484752363, 0.014463642507093631, 0.21950292698923796, 0.1152331310199596
-0.3398953535708454, -0.1502546503343474, -0.0657604780684088, -0.2660466688200214
0.6816919117957791, 0.014012113167629485, 0.11796683531773702, 0.3648600288978875
0.12148208738887306, 0.3353702971201743, 0.14811425066194062, 0.6314207681441307
-0.623039911168347, 0.4049790864824175, 0.0209603647634583, -0.23031827432143226
-0.019908397985051143, 0.47733404776005367, -0.13361130609652705, 0.7993655759440612
-0.07160302182477805, 0.6087372554512933, -0.43900172195304255, 0.20523247979594478
0.41017544914780585, -0.42770179939898173, -0.6370936817259483, -0.24958599068977452
-0.38026279595128376, -0.07067105662063279, 0.030585909088053847, -0.4398235650983154
0.09317079036782751, 0.33551941577853184, -0.29381028282823524, 0.4985321282478943
-0.06591797777583333, 0.8349906580910824, 0.04828499850952413, -0.0710501418523008
-0.5670227530301468, -0.052010959912545875, 0.21471751079891202, 0.3183070382094369
0.07640193141296474, -0.2486776579298583, -0.5435959363545634, 0.27137887164620833
-0.3707392831954038, 0.2245708182097297, 0.3929648269895193, -0.8024642740031114
-0.15099891056195844, 0.4789262749186431, -0.3921925324642775, 0.46079131674682716
-0.1630448352895201, 0.2959297075391951, 0.03206874548535989, 0.041951287229993195
-0.8583129836632569, 0.24606095445608261, 0.04459309076563193, -0.06858378876503546
-0.15609581439388898, -0.7033826530101278, -0.14951922140815838, -0.1829577319368734
0.445663096482584, -0.4863826363022654, 0.06907754983223661, -0.20710565806914508
-0.2547519445548518, -0.30933717469478217, -0.28086513713552586, -0.33791885003718863
0.004400660524911746, 0.4073706369244734, -0.44456774141597283, 0.31603455290831933
0.5479177782134703, 0.5057630461666223, -0.06500402133000965, -0.02970141336366148
0.03522434877210554, -0.3777005577147527, 0.5350315627753125, 0.3034365016522132
-0.19756159273908155, -0.008099137988067915, -0.25554885552865897, -0.1012506439325589
-0.4540237780054071, 0.032248611425375634, 0.007566597017780385, 0.16763031283616217
0.5380672384367234, 0.08400778198234733, -0.33711135291923633, -0.3457485461049169
-0.5371675232665685, 0.008290201831442376, 0.1901487345680957, 0.20175148297606035
-0.006062790003997298, -0.03446256609376378, 0.004182902611851531, 0.861962647328549
-0.6640435867358782, -0.32590422189299423, 0.15020323108341757, -0.16610081334611662
-0.6369891312229563, 0.31365573877465747, 0.12849919553003497, -0.09242340586354329
-0.06543451820401523, 0.14244383650878029, -0.0127355248047893, -0.11695060932758476
0.11148015317120016, -0.1243478230710746, -0.14716979268468133, -0.5012816283023408
0.8133974368952155, 0.10481940146598659, -0.1043845717052145, 0.5086456674692867
-0.6256755789827799, -0.36254552305475646, -0.03464350285804126, -0.4023304249773035
0.1301306558153938, 0.5168624004122416, 0.2624408187757058, -0.631495863495998
-0.4746083378360322, 0.8133622219401258, 0.4722729571194812, 0.05729445945731317
0.09544498835285016, -0.35250438574611165, -0.3246298996886436, 0.3552600810999652
-0.2447113178462638, 0.1994177397340266, -0.5241690557134966, -0.5091679822978856
-0.5266622202040218, -0.6429308069647345, 0.026913788518162646, -0.4651261572098967
-0.5350067515009501, -0.4471053178176141, 0.2600340118563139, 0.05327072517536901
-0.4175910631846257, -0.08561911093869959, 0.19530778418752168, 0.18705193237987888
0.07162253929599909, 0.5460123427694121, 0.35908691836216095, -0.7044234739120075
-0.5153289939411938, -0.22262263798133244, -0.009006793320251685, -0.23935583068834
0.2755692348105764, -0.41163529930996534, 0.3334212451353344, -0.6508674474854172
0.49371688971956973, 0.07275571491820508, 0.05923213820893878, 0.271361336199063
-0.5556507814508829, -0.3127890812423377, -0.1711783047740809, -0.20523777650849895
0.2011267369016191, 0.11007430126763598, -0.3203792569042575, -0.06446636998530231
0.1184338383966771, 0.012416143310928366, -0.1214782631524343, -0.1268174027480842
-0.06288929438679124, 0.16904161330295056, -0.08167201774123489, 0.5348768227859596
-0.40265821506922717, -0.50199529975129, 0.23185625794485548, 0.052921252377827264
-0.5826232708312788, 0.25969946774287406, 0.07692134547807791, -0.11117401295650242
0.019044352530103004, 0.4527780063258095, 0.7254387462963523, 0.21966554106181177
-0.12352058849862953, 0.296071602644058, 0.08583963192916984, 0.06436962698740827
-0.23299655988699935, -0.19331690565304335, -0.5239921476334365, -0.30633163880995773
-0.18390945039644432, 0.03763279552463046, -0.29351939354959244, -0.45974723790847694
0.11224593795798338, -0.14412803561192067, 0.5437492238478198, -0.7298422842927165
-0.17844028767310524, 0.5945815148002979, -0.36211135084737733, 0.5737938957318605
-0.05968805129517076, -0.28789381387531116, 0.5990447748375294, 0.15462347220037764
-0.33667354700261715, 0.09811611166483303, 0.2846823117754567, -0.7267300451481288
0.18465027832943587, 0.4818126093044288, 0.05197375853736859, 0.6308752366594479
-0.1447477672512325, 0.674254293264252, -0.037582182189020895, 0.8536994060312807
-0.5715379885453491, -0.5461696426802104, 0.03618858383729064, 0.08106519853132624
0.2816870339240415, 0.509966604268917, 0.04924560403638126, 0.6531248640143489
-0.19001949965675616, -0.11953400485344576, 0.1616540266427194, -0.3009455137379166
-0.5046431462338037, -0.2850228645834904, -0.14074826059954432, -0.5272176411251955
0.420668198346362, 0.21870598643005, -0.5314955376396199, -0.014946250355052287
-0.3642384049966013, -0.07297511397077305, 0.20508110600425725, -0.7066755681691121
-0.463257731428232, -0.27979576136376, -0.13316260795914622, -0.3844459345594345
-0.637520596882007, 0.31686185282562424, 0.0522472009633117, -0.1266850509256122
-0.2956479046388333, 0.1692195633467301, -0.30865864638326196, -0.5129395374997979
0.12247970407686443, -0.029748179051857504, -0.03640383089065094, -0.08766439927568426
-0.5191705226106775, 0.19288060625377468, -0.5251559869300462, -0.4976818304827594
-0.13467281769536185, 0.1989218960365048, -0.062186376279695886, 0.5344682548146531
-0.15197052873915926, -0.4884305155385428, 0.37737802927017877, 0.4293834925757424
0.4901679574173188, 0.0077078417754223635, -0.3234113243262078, -0.362650647176836
0.4145188719716312, -0.15226270465354327, -0.07215165730554418, -0.08735483967090348
-0.05194478165556163, 0.04412122438299275, 0.09052511852445337, 0.41923300603377617
-0.6714286918380978, -0.10234230629412057, 0.17155543087203073, 0.2938715042093404
-0.08812887251200525, 0.8082204395176711, 0.20784649664770158, -0.6280180575525965
-0.39896891820176605, 0.07989079988483273, 0.7823783917245526, -0.17791519429957267
-0.38766402146642026, 0.11759507115089117, -0.39184568005404574, -0.44518343969103386
-0.09267206766131425, 0.45630563360282317, 0.1648137891708933, 0.6940316210978703
-0.27024738110739066, 0.33021079962878025, -0.23953165206946533, 0.31843327183097364
-0.04200826773630935, 0.46111417158959805, 0.1615946340600686, 0.5613497014722011
0.1603510379049257, -0.20112637885242202, 0.2457477568182741, -0.6379660251981796
-0.4765327726383418, -0.05764357630853942, 0.40434193322786316, 0.19619621276478197
-0.08861707683775896, 0.5998361513461448, -0.2906324841364617, 0.5832960471440474
0.2703453764382786, -0.04726376180060819, -0.12206415476148362, -0.05077252857870769
-0.5193243012244327, 0.1800331205911707, -0.6311875212644644, -0.5320491140742725
-0.33805271378930296, -0.29497205491341666, -0.09158535655530828, -0.39675487053598874
-0.11497800188771913, -0.26454723627286625, 0.5579042422558191, 0.24203220167905942
0.12246600750739363, 0.06652367910923673, -0.08134108565036124, -0.08490701851126896
-0.32397378273301, 0.2628430234288601, -0.3484575176313842, -0.5241509541493705
-0.2737993234356945, 0.289178863118094, -0.3219193233337636, -0.35310154456222725
0.27452979679122325, -0.011441900166689709, -0.02827713567575514, -0.1369102146701484
-0.35556990245191944, 0.6747375370752206, 0.52085845504761, 0.05332542870838284
-0.271811523377545, 0.19986622110992863, -0.36257035980497526, -0.3693581512184064
0.22331040957914086, -0.45427892442468165, 0.8435344290630427, -0.2851063741367116
-0.2706895845267111, 0.27713110316589906, 0.1932099494846736, -0.10493123097606696
-0.21544989607209586, 0.2826905519468063, 0.2319352304310306, -0.13602950196369917
-0.4360590471449703, 0.3852915421451719, -0.5304883539420843, -0.39193115073815626
-0.23763116336664877, -0.1480332610815475, -0.12423150057271934, -0.25308009496966893
-0.5253262948529294, 0.09280278525726782, -0.2719861542099987, -0.6556728389644023
-0.6175983747048387, 0.5339469529660434, -0.3579990337997229, 0.0847618629744304
-0.6274384691146352, 0.2781895903109726, 0.2570357456613565, -0.21925686108863443
-0.43423341321077236, 0.5879557662732833, -0.0906441837836281, 0.47010598736125603
0.006029498551916093, -0.027984123987474137, 0.4255318070143537, -0.45643029683743763
0.5675570217428588, 0.46152203148666743, 0.020146638639415005, -0.03238500946814877
-0.5309597111635643, 0.3579235569287535, 0.12145995168374163, 0.5517756489907247
-0.25942255665471575, -0.5973234826580127, 0.06202518462866238, -0.19226527707858368
0.11830306539532318, -0.10699808412378081, 0.20386534548114113, -0.6649878812902466
0.1834098849212287, 0.989089166803351, 0.4310667893631358, -0.02199535342782454
-0.22329878006409365, 0.35318623686048717, -0.05487734559231373, 0.13661658509997687
-0.5582124254298342, -0.5175237383647163, -0.1147369259934986, -0.6075663056126598
0.3665030096249398, 0.45668712889440866, 0.1697737717072994, -0.7963201869268123
0.2456572008121764, -0.35934319780808327, 0.06516586285195239, -0.1577694712303076
0.2998041377263104, -0.3475545412810658, 0.004470626375187619, -0.1508229981793238
0.2546200990872939, -0.1362549878693098, -0.10666434478747253, -0.1976141473268765
0.023488591935652784, 0.6238560447649557, 0.7499148134529121, -0.19912183937330302
0.27294499546830897, 0.19837064746407548, 0.2486212336639483, -0.213234356248543
0.3429245693168748, 0.24647388430913558, -0.4119919687244688, -0.10306408528941483
0.034355068745088854, 0.5482584166068976, 0.13908826208132485, 0.543388943027843
0.5115397173534753, -0.42533178764967583, 0.04277514440557156, -0.17757562242178632
-0.05389021795711288, 0.2908883214150694, 0.09814411287842789, 0.3781180721207832
-0.4834678853672774, 0.046672097889550485, 0.01253712956182403, 0.3762753005802656
0.6193274088150101, -0.41395832634000035, 0.09231689407342467, -0.24404416512521931
-0.44535666422419806, -0.3600149384027258, -0.0013805736211920262, -0.4142435313106078
-0.13793864671572292, 0.21180787498269096, 0.09117936728748435, 0.46688979025645666
0.05548993302772402, 0.4888011545886238, -0.26034788028059475, 0.3416284084954884
0.11353825093462441, -0.041174196353478076, -0.47877773558285014, 0.20468018451756234
0.33230212282427696, 0.8890441498986115, 0.5344681511626309, 0.03405515560165016
-0.6070012819069169, -0.17935395892820674, 0.14530799867424055, -0.43184078891041183
-0.2104563827669599, 0.32417050368187394, -0.07260533702488657, 0.12074309250257728
-0.17335695133378967, -0.7830519971323667, -0.20663248605582582, -0.20054061952892394
-0.3756688976130958, -0.057123808634504676, 0.09109075431312603, -0.4122000520950183
-0.07460003350489647, 0.1635154096403679, 0.1447166625674977, -0.24807458260418336
0.1648766068797797, -0.006621310568989358, -0.2111884189140358, -0.06036714821143195
-0.2689082329113023, 0.4509203866679638, -0.07541609365699681, 0.3661822922557695
-0.023829762995553984, 0.23058854450713606, -0.5440912558374201, -0.33033882169533807
0.3474963665378263, 0.17516649275749482, 0.3063417914750695, 0.005906731701473525
0.6000449576349048, 0.4814390394547019, -0.023514351418854003, 0.016383856911949726
-0.07864920827726628, -0.21644664737995345, 0.580489786848284, 0.17713851030066108
-0.004913289927919225, -0.11122448377301569, -0.23193700822275173, 0.15984809142923875
0.19523992639672808, 0.08116042591734322, -0.0011756647680906914, -0.1671044099185357
-0.20425658247181427, 0.13611391624679942, -0.1093418819816224, -0.4599023998335163
0.19945888799410216, 0.06745285946070513, -0.16943437811001968, -0.09454275728316383
-0.11661800597465277, 0.4986013734678672, -0.16156142062954404, 0.16437898597284448
0.5638385862044107, 0.1680913479508061, 0.7253750337086328, -0.28483502656090687
0.47271327581154854, 0.1437277201202953, -0.15773586148841068, -0.4625951471825459
0.18383379701389962, 0.27007007783284753, -0.2438853999505487, -0.09660827654826991
0.16946676821015919, -0.08559156853924654, -0.250864877632847, -0.015261138221033855
-0.7974164865329648, -0.2562181692457959, -0.08283501434856252, -0.3331215091040822
0.4506595618863233, 0.4176863663503075, -0.055525323431856434, -0.012490706069438907
-0.5671347131283038, -0.14278916740718503, 0.2524986094928438, 0.2989688093975329
-0.1521541434050103, 0.2272545744992151, -0.25855786817596005, -0.558402017155158
-0.04832712369614935, 0.8950059243517559, 0.1278032969394676, -0.5946888889147297
0.661648667467358, 0.7844312127661928, 0.014741447652426019, -0.6615247786152733
-0.31297187081562144, -0.4335282930583656, 0.10408638094853005, -0.29368823777433417
0.00738791269133694, 0.18671466448362012, 0.15582713405326415, -0.252837865893868
-0.5564250595131204, -0.35093215891266244, -0.06756142629533439, -0.20031469342642874
0.24382118962038615, -0.08146431948350591, 0.332890343539922, -0.7588529961739852
0.3914671761311463, 0.28777028164078866, -0.3951643028985353, -0.06782137966240688
0.09136934619312088, 0.49404607742715156, 0.15609984978505553, -0.7123332342844412
0.7159692905537327, 0.522115531252096, -0.03547258405274547, 0.017411757537800263
-0.44550453790284794, -0.2545760353778871, 0.17963603369198694, -0.2821736776057737
-0.5793237249987444, 0.5747952779230635, -0.0051502980892116045, -0.2982942653151871
-0.3232575515405968, -0.178843754787021, -0.0648158598308339, -0.2602376765396189
-0.3456516134741829, 0.14105723238311066, 0.0016967667765959463, 0.2956531742283364
0.6449845229209944, 0.156781744111891, 0.42285964981720664, 0.32472314525658
0.6146669427372818, 0.7707500960059211, 0.12039314561189886, -0.71511214998567
0.07391353156458741, 0.943320859546926, 0.06807257793007716, -0.5604085077642397
0.3339050986588347, 0.31358064395409363, 0.2726150504152795, -0.31664615582631117
-0.5031881582612008, 0.06759362597158552, 0.4159578761848629, 0.1300054157130112
0.7383914553805242, 0.1508105436283765, 0.36306582414602134, 0.16405207428121188
0.09733406056985958, -0.19984720245524187, 0.4874231032658843, 0.10088725300192525
0.3427165481926557, 0.8300743835747109, 0.43518338262561307, 0.03499515742045582
0.19280514462452697, -0.22924134442568653, 0.4872601030124306, 0.1395417739481748
0.6843930688623903, 0.44877952408549454, 0.10361947823689364, -0.06396582496050122
0.02258072868028295, 0.5698685612764539, -0.04124249361704692, 0.5086127500367519
0.3990874486198661, -0.22592806274112787, -0.08607315121792436, -0.18974121015139225
-0.11586078719113066, -0.5753495972489687, 0.2320271455260103, -0.05127091458002592
0.4157420176465143, 0.3900425938587245, 0.13715756225410128, -0.8127293573954671
0.6044995787287717, -0.3793835902472484, 0.1997234257629373, -0.3326548993237015
-0.5416164875268571, 0.40633593189661105, 0.2562999561145772, -0.22130973999312137
-0.21504232168921852, 0.07926227445934911, 0.28768716036702907, -0.027692858396418683
0.3507019807055716, 0.30176583015210784, 0.31990643055439527, -0.3189218994637028
0.6494794319574863, -0.4052940229995213, 0.035505952284139164, -0.230271468631228
-0.4076501096074815, 0.07637957971126988, 0.2806613942924248, 0.3005617070653023
0.07685931643292575, 0.5365958219855527, 0.10542164154577989, 0.6928943453908596
-0.10015143281999532, 0.38617375761534817, -0.029214078810177627, 0.2062357785962715
0.8609799426858439, -0.03584229197404063, 0.1555598594399117, 0.155181345054183
0.09048498796796456, 0.19429867870876058, -0.3117783170517421, -0.710055681603602
0.4909080400915848, 0.13837795782005358, -0.09109043230179024, -0.40799337480413994
-0.05058235559020766, 0.13053330012322653, -0.25573791876082425, -0.6033714444218592
-0.201497065324953, 0.4688313513756326, -0.4605207256785737, -0.3366002991683605
0.42276580930838914, -0.5389647680127009, -0.03730649451120263, 0.07763659037110698
-0.42084946117244354, 0.13559459235614021, -0.23092363537987706, -0.7380594472623608
-0.2587302000617835, -0.37114678088062086, -0.06732407646894986, -0.43683836662911246
0.8274616430694944, 0.105535382957537, 0.4135289112464748, 0.2659193428847931
0.03680021207963636, 0.38416023869192284, -0.5638230465285883, -0.24709703488905727
0.7870410595040493, 0.1821349380723658, 0.19982812833947372, 0.1791170570503811
-0.3835230757153201, -0.5454511291490899, -0.014583929629751897, -0.6954610342995414
-0.38044427324324054, -0.35542838775894176, 0.021204053083266866, -0.5625857395139601
0.29139975762940806, 0.13523184110987863, 0.010412064233009567, -0.2858709509939378
-0.43136105009516496, 0.4250159125673956, 0.22232364630118795, 0.6141063840182733
-0.07484052545549148, 0.1741716589216728, -0.05542546148276687, -0.5855361983701644
-0.07280036401448323, 0.3562804299116875, -0.4372522761771096, -0.45639122073514066
-0.07121647987505803, -0.3198718919625435, 0.08555905065449652, -0.48727263520656083
0.047879116419293856, 0.23824643057275768, -0.5713232130076508, -0.37132787083177415
0.4145927583054204, -0.156730421026962, 0.039283240330253384, -0.30498288455256845
0.004909734405554831, 0.21878302848696074, 0.26018389339309694, 0.1654745118411049
-0.15951010515574632, -0.5064277496495961, 0.07448671218948014, -0.24478610043595742
0.25551126298793525, -0.33123939755647214, 0.3340670931981758, 0.010490975512492976
-0.3785340844235744, 0.5213986984021648, -0.05216280395047735, 0.36731264375849715
0.30372911222664045, 0.1710822031298164, 0.27037772749172406, -0.157456863743185
-0.3688094031949105, -0.48285137737323675, 0.031411061393744735, -0.014872291839854597
0.009972936852556107, 0.4484252731701826, 0.07830478917758273, 0.48283738420917816
0.04591994854484752, 0.03852099629981813, 0.5703398431280297, -0.39096775231525666
-0.2241469876292278, -0.3354165975413797, 0.20211172929979504, -0.32211960287620917
0.2673757877473162, -0.5283029537047534, 0.5198771254576561, 0.20445088843614
0.18763592136125776, -0.2863883324998487, 0.5687076162009976, 0.038471396936492507
-0.23255047483358357, 0.39410074846233945, -0.09543821117537869, 0.2675346140789038
0.5777300385008683, 0.43501376091585603, 0.1223420574007185, -0.8526451685476734
-0.17637294378411209, 0.9635788693139054, 0.32700968075275727, 0.20854719245323924
-0.36114016568284363, 0.7826861170460102, 0.5039941004517189, -0.07708926162665408
0.6186134894873813, -0.0006360220373303295, -0.31782636264404335, -0.3656621771798398
0.19924069508839354, 0.45606525100874395, 0.1404265682500459, 0.5897788338223553
-0.6534714365412738, 0.35527447919208865, -0.02604761127746481, -0.05435053270145594
0.30815566259343746, -0.19809583925668417, 0.4112295218979135, -0.7357070889668043
-0.3752552531260597, 0.29802656855166604, 0.24026925066387816, 0.42848409868615805
0.4304810012415323, -0.46264909091057416, -0.2358933489116829, 0.08827890525420844
-0.23041254048581108, 0.041551517151011595, 0.3020682682793409, -0.051301441383586596
0.21721185978339913, 0.5802632198353002, 0.09984834443253714, 0.5219003260238559
0.27280205412121067, 0.07442728790392525, 0.090675428485767, -0.37180502274800636
0.5859464646892755, 0.4332141629601265, 0.08335444755537187, -0.08712710117692911
-0.5057884599034732, -0.28534436776897604, 0.40343272599765995, -0.39561404253732274
-0.4012536150479485, -0.549394256929421, -0.013562351631018411, -0.7371805660422157
0.7780707605153909, -0.09034630064494685, 0.1346418080427266, 0.2624426095731646
0.1304381246464502, -0.2183605451625394, -0.3255667020285592, 0.21217156007897248
-0.1074278548224559, 0.279356899816321, 0.17912445189070983, 0.050446333141990485
0.4160253753052887, 0.7425384201488673, 0.6033661739439856, -0.07913558521158455
0.4517429733695309, 0.8263785849731957, 0.5883723049930227, 0.0333665881032909
-0.18376529286953577, -0.27522607252977543, -0.0836680147988276, -0.3938483195952628
0.21191171275678725, -0.2526233652114982, 0.5378716303970228, 0.07509057968976544
0.21092016949410464, 0.4045739247257347, -0.6415410181477713, -0.35975002553054464
0.2035606728350398, -0.21734915571764735, 0.46483124224174854, 0.09504276343422437
0.2313332897057438, -0.37463358750851417, -0.2576355672428958, 0.4721402217454704
0.37732687858667663, 0.11301914884565924, 0.3913318213475211, 0.007386761568238038
0.25287406287224856, -0.23521690327776051, 0.6021484010641818, 0.27229891575746296
-0.5348794304818588, -0.2461817362517253, 0.31816399120091965, -0.4868920757992936
0.2313072533344173, -0.027403543272817597, -0.07755740907298621, -0.12151856070659843
-0.35988924208108086, 0.4793460213502995, -0.09695070824448355, -0.159263671895381
-0.4900601262037409, 0.6172120573167346, -0.060397032403426074, 0.466703185249839
0.09993686567710006, 0.18607156243791378, 0.2506758286835625, 0.48794585640770316
0.6065301709667618, 0.5705042590620087, 0.2218150058647241, -0.7460165066036717
-0.060087725155223516, 0.39781793716946784, 0.1491668878203911, -0.08358827919793439
0.23450627839265661, -0.2518950887156263, 0.3857291520039363, -0.6279396139155448
-0.15525565539577146, 0.06914315791006606, 0.8400910666338784, -0.24915213049076324
0.25256985286266187, -0.2266594094669819, 0.4343827343956934, -0.5867553605514054
-0.15370665165978203, 0.26245584611447664, 0.3055765880808578, 0.29453106864098555
-0.09728565889691883, -0.14552852851608136, 0.077878803383711, -0.2802685385232096
-0.1360891988748538, -0.4399361891731154, 0.19299423541014035, -0.20691433525991268
0.25721157580524767, -0.31758423306906286, 0.735966889617078, 0.3897488099567772
0.6359414135445438, 0.8261153955277359, 0.37415044842402, -0.680009400111999
0.2463425606136984, -0.27935529817971644, 0.6361435813601406, 0.3775529108898321
-0.499159003164477, 0.03901312344011795, 0.37428288692080497, 0.16696573571715922
0.7513205677454632, 0.057769385880861446, 0.6096515899920019, -0.30631302450172293
0.19093671517498703, 0.0605385656710219, 0.21952805492100108, -0.1880415731936171
-0.05779365646717709, 0.21163414444778056, 0.43682553646740563, -0.12676435075963666
0.7528666912631191, 0.06864032433595352, 0.6048355916086224, -0.30576562117384504
-0.39314960147816685, 0.6187386346690582, 0.06995444811742094, 0.411012440829263
-0.1179939902520779, -0.22918169418276327, 0.034293919551996246, 0.46573887761724736
0.0886080924378294, 0.18154010709708676, 0.3500738119129701, 0.4866924285043049
-0.07224103697534837, 0.2562803857916273, 0.16977235417453004, 0.291018281730106
-0.7641049854458944, -0.30279649660138197, -0.07048104098797493, -0.38304937119586446
-0.0873148950146914, -0.1788200111195534, -0.021613290772721075, -0.15945520589412077
0.12186184935561459, 0.2911243349588588, 0.29175814776144227, 0.5923939839357332
-0.5981843199763744, 0.3727962758540952, -0.3102679711221697, 0.12843095669826068
-0.05943357091980925, -0.091912313064329, 0.3411092444091666, -0.29424092720006184
0.08918390925611605, 0.23439953902466873, -0.3145339887068318, -0.6192086251193725
-0.3666553799199174, 0.3715418638979367, 0.04079150835295544, 0.5419815691255504
-0.38563100345569085, -0.49102492395576725, 0.30627267236069233, -0.3412327375591412
-0.22548601207658286, 0.8249342405423487, 0.3671657209077825, 0.08258051128665492
-0.054530027897043414, 0.07731696029495558, 0.007451485083311317, -0.2597032909563991
-0.5491637598054124, -0.5866489365459895, 0.06744823177622992, -0.4496869017036003
-0.6536173644976245, 0.4434198910393571, 0.19343424922548105, -0.19453614818160272
0.2632832253677039, 0.5824779162994838, 0.7806317408054664, -0.033200023586318794
0.13750186175745657, 0.45306662365923345, 0.3834117753878361, 0.7274958629389459
-0.5177329944180435, -0.19581510754044132, 0.3205101290074936, -0.23223702960724737
0.0909647163285599, 0.2759420264299065, 0.24836573799541392, 0.632133945400782
-0.37444936106314186, 0.4465831036103361, -0.007341381696025195, -0.130606317247771
0.28151005641851345, -0.14778844316194292, 0.033743838601091855, -0.009616671158965357
0.19881790469860625, 0.6817729136843621, 0.9923880732692592, -0.07389034087148809
0.33375696270661276, -0.1549929640873638, -0.006654643644387862, -0.25553624591903507
-0.09745407917173804, 0.28478994621205905, -0.2699194039945705, -0.39247944981621535
0.13282900359650587, 0.4950427050938868, 0.4104321223458911, -0.614420090624298
-0.47184064282914956, -0.46043787138376324, 0.13041466118135844, -0.1786819001626205
0.2764515387076324, -0.14281248090956872, 0.05754950306641215, -0.009925799672204033
0.47749442250573987, 0.2371003865283926, -0.5959378233503546, 0.009191207810850569
0.26571141227477435, -0.44474380112938305, -0.2925829014672585, -0.5672319507273387
0.6592755786491431, 0.44206176528137286, 0.19655754606130652, 0.025599285622646833
0.017345795560626594, 0.23120342548770365, 0.32904327062203537, 0.5774147711764063
-0.14390105440004217, -0.12528942984489133, 0.17080840556868232, 0.38681224027930117
0.6349052886278477, 0.4515966975134713, 0.048072364690576234, -0.04937189242427344
0.14349593132791205, -0.20324776389205934, 0.6454514321994475, 0.2720718150265384
-0.18275096715595576, 0.12409310675259021, -0.17778194600627478, -0.5039801446366601
-0.3864635972351413, 0.13363999210174562, -0.2473224519842853, -0.8354862751533759
-0.06741003681898264, 0.16381083834452265, -0.020193370309302565, -0.45867306139896885
0.475780962210705, 0.17494929939019518, 0.7323450560110423, -0.18751492048289545
-0.3926743887073958, 0.09647475189740125, 0.4307670561039388, 0.1751064487163278
-0.4552879353983728, 0.6280619240947027, -0.08511855217886365, -0.1045564151836261
0.5912475274686674, -0.41526344736020676, 0.2401652939164338, -0.1843021451989206
-0.09706280397981833, 0.09086537519085544, 0.44551429205103027, 0.5014402541326056
-0.41219089234352874, -0.2557484292239358, 0.45836275514451313, -0.3718628702519776
-0.28671531069577294, -0.45122648162811724, 0.30308307023064107, -0.2241832514370074
-0.07220355464456388, -0.10483621429991193, 0.19277832489045368, -0.2788386979285962
0.05724664284714991, 0.2647625388201719, -0.4592221783217181, -0.7447260332621334
-0.07392629001307666, 0.631675057120309, -0.5283788186461434, -0.38661563899576235
0.6240289221176335, -0.5243916457853669, 0.049256644205326904, -0.20625554222736017
-0.19725951463977098, 0.03827189692429414, 0.31773758696261606, -0.49842568302125334
0.1283378217381414, 0.056152652686109285, 0.061396451823776385, 0.0628676480101459
-0.09118764494896053, 0.7898626989234344, 0.22726580143910008, -0.0823644288564835
0.06255051719837279, 0.1607870994578906, 0.2802763424410596, 0.3094158315100441
-0.34046750319007557, 0.14032991290629057, -0.2802729399108789, -0.47244614413827674
-0.10688267371407868, 0.6662481622788874, 0.009206272072439979, -0.12293848982125133
-0.3082322821416949, 0.33917654375838696, 0.19763034859557838, 0.3788648837212521
0.6210143659932055, 0.031036114212289197, 0.4937169689304648, 0.27588378139976705
-0.08659588808662602, 0.31963982376776545, 0.28375396378490003, 0.12755036878358025
0.18202700993214144, -0.32282343068414354, -0.22965329081032204, -0.7876666420608228
-0.4206106572958289, -0.22177735797973264, 0.18078816008619567, -0.4605523204931862
-0.44104251051154947, 0.28053284414287927, 0.35057532612668457, 0.5396593166386088
-0.021999471507828945, 0.18418139435518413, 0.3172710464496881, 0.4951400691043848
0.13853294970617197, -0.32425450978059495, 0.71698357735072, 0.13236520994204162
-0.06885148552548169, 0.28799233520288864, -0.24350229578756746, -0.4099591131023649
0.13319086006442898, 0.14943526989222547, 0.3903255558188115, -0.2344334314311936
-0.2864484069389843, 0.02124522127962616, 0.2983121000581028, -0.6703083194551914
0.5394725756742308, -0.38268814315580746, -0.3249726338731765, -0.3092925561009696
-0.08253041132990455, -0.5397974700106666, 0.24028074163208546, -0.20684635578621766
-0.5332993453252525, -0.2721898131908362, 0.16901013163558384, -0.3431577825143917
-0.09547781693552254, 0.284069236540705, 0.1495556319507118, 0.3303726432175584
-0.2170355238235908, 0.8299786114350566, 0.4310992239728839, 0.21383311267224975
-0.5253060134160713, -0.6479593980141207, 0.37621971590565273, -0.42826246304322846
0.22843855395748278, 0.11234595680477598, 0.23143488420263572, -0.19239131724567707
-0.40990772079136817, -0.3167588764303262, 0.2646059807262883, -0.3810288916743702
0.10158037864576433, 0.6738987164628528, 0.5940451465929337, 0.06027953274125385
-0.2680895516782053, -0.3082078970891868, 0.3712879129505089, -0.317035784827971
0.6143367335439162, 0.07581955466084454, -0.13377042480011084, -0.44586610591718673
0.22989229524079327, -0.3605640494180119, -0.16107252226530733, 0.4072053245543391
-0.47361554675584194, 0.33901499919779937, 0.29846442650609734, -0.2721706092830016
-0.5630066740909273, 0.47265733550079203, -0.27587746659411383, 0.03555883044257816
-0.09657855678845985, -0.7399199526665304, 0.10164320717789835, -0.2265627767738704
-0.06602309186532865, -0.16207981032655794, 0.07716541166568228, -0.19363013591503833
0.26145871364515977, -0.47906189477555733, -0.2995409949694036, -0.5576304446441965
-0.041218529368659856, -0.049921811033464256, 0.39829508365110383, -0.38280538119947405
-0.051915385173784474, 0.42199869539338075, 0.0128142744731997, 0.12636268310150445
-0.2868161505101334, -0.43295669766086736, 0.1365086270105692, -0.5582138326815004
0.28649331864861055, -0.03005991905278627, 0.13441020188695746, -0.18278277059693854
-0.2647177535833062, 0.046168479886478674, 0.7841259255914358, -0.18784277280479145
-0.28784976248066546, 0.24410820496742341, 0.36358888488826724, 0.4166527811095507
0.125863213295007, 0.3803743454488753, 0.3057483062232627, 0.4947561920900065
-0.11988362966014032, 0.5490130884525072, -0.5098090050594196, -0.4855631570965212
-0.11630964617931573, 0.2315842913280419, -0.3269518473506988, -0.4230970792071524
-0.37985337987422896, -0.0676996641570195, 0.4693013834628321, 0.14792077993836866
0.6298141391657313, 0.45892101846714345, -0.06286900580421585, 0.03955237367767623
0.24292033291248633, -0.3580767197861506, 0.4624807769888076, -0.576464516613086
0.1702644049805547, -0.472281791504811, 0.05494752817858792, 0.2320701725185628
0.6696337556021189, -0.4742212321631228, 0.23284434231767376, -0.23024537160518718
-0.10617685894421389, 0.3891823438016301, 0.12440886288865852, 0.11108384289427363
-0.3235928514763169, 0.3608622720210525, 0.008476670165908725, -0.07423617765029364
0.447744538437495, 0.29624712716246676, 0.2392650510117962, -0.05213171178514215
-0.0135018510881289, 0.1478795498590137, -0.4216837379165501, -0.6555088208477616
-0.07326432865976329, 0.4507655851307557, -0.34694312408737416, -0.39984529677180025
0.21552048624495743, -0.1039827242478536, -0.10185422834167901, -0.10965392288182989
-0.16887593764242564, 0.2228589880079871, 0.3843710310754848, -0.1998140096710604
0.4834511482898337, 0.05091404364196884, 0.365733543098589, 0.1626797091403277
0.041178620999630794, 0.12282193166666756, 0.357465012924069, -0.2117062249499259
-0.14581771243031844, -0.02378532932719645, 0.18636587973835214, -0.37468949125798406
-0.19011350405707714, 0.18123700064672907, -0.08268106265698812, -0.44344846435091684
-0.060683403230667496, -0.2776285313058326, 0.18132007688052323, -0.3976497531536724
-0.49200556320898803, -0.22918264702673835, 0.21001828940368078, -0.3298254592573638
-0.2891426401823494, 0.09622546260264904, 0.4048547513559462, 0.09318627902622192
0.6364775515813753, -0.3424596425583828, 0.05876986656240903, -0.2268981308283632
0.6723218872757264, 0.05638944981867739, 0.5778147675895262, -0.35883556277041867
-0.2160873940855237, 0.15841373530885416, 0.40770109715809066, 0.539328960798908
0.29793671950967626, 0.20692096416181974, 0.3103060062262315, -0.2346438522226298
0.5360407228667401, 0.3481652684029684, 0.14092729753980032, -0.13706343528454354
0.025791093640244594, 0.1052595553740199, -0.21885569612121838, -0.6893892277661741
-0.03266445960382753, -0.031954778123896584, 0.37024052762876186, -0.3600060873238909
-0.45854570118951626, 0.35985731651577657, 0.12483236513693641, -0.12961353029874906
-0.5685467979087448, -0.7521997751919041, 0.00692177658438847, -0.3629000285621107
0.24404363016326444, -0.49191535367269124, -0.3552629325895583, -0.7350301753062142
0.07182062170728411, 0.33829816120301415, 0.27951553202570634, 0.3387886277460833
-0.08919848162905127, 0.456566608162372, 0.1011358206235114, -0.21868222606628984
0.193991100441835, 0.41052799150417985, 0.2883286789697904, 0.36912094300912823
-0.019135412172286148, 0.23713255955375603, 0.31370561749608183, 0.044587021923905804
-0.056691409367208255, -0.7108914775761778, 0.19195310046680486, -0.23341056705143376
0.7904783554325452, 0.09077733176619174, 0.47920982623113134, 0.29108868848834557
0.5005615662805828, 0.5545192292076363, 0.1773703749086899, -0.5408874455489874
-0.035331427730335686, 0.56718715837791, -0.05662644325294107, -0.17768480428951902
-0.4391957570174162, -0.7523226641449999, 0.30472142101074084, -0.47742062909441185
-0.16504484567863903, 0.6073231936405179, 0.5622984941044865, 0.0808694345761382
-0.11341691714009475, -0.3041832903337256, 0.12132718502301691, -0.4342123868875292
-0.030882219511726157, 0.5659476532135909, 0.053144637484537294, -0.2153275374368157
0.21858903249185493, -0.23960584856696604, 0.6539077818533351, 0.15673511081192085
-0.5012979849937396, -0.3107517103572267, 0.1345286086029578, -0.27346446189235124
0.15365738806864876, 0.5026830295312488, 0.32515888409230737, -0.7796715052984254
-0.6477035505482263, -0.607160668290438, 0.40163397329102296, -0.32886772269582304
-0.39240522710788484, 0.5261041511662038, 0.13565572546646845, 0.39112712788053233
-0.5559713290799683, 0.4417507617471928, 0.26003246253694057, -0.3111090035716975
-0.11930975461449633, 0.16037462443225825, 0.36588305202428406, 0.22243811207050282
-0.10711421463579608, 0.2052475476857596, -0.2815181427251819, -0.6996421290907487
0.7085401259537987, -0.5626967887554519, 0.21557899585985724, -0.23874483760167808
0.2900137479538643, -0.36153213963221065, 0.2712197284911945, -0.6756060713890214
0.06095279264434196, -0.2603430339638761, -0.41562433719909786, 0.30698783020388215
-0.19742290481229471, 0.24507197481485282, 0.5058857779156392, -0.805937310047293
-0.6484983105880261, 0.47190580661778675, 0.25087588924207643, -0.3219363456031067
0.4694764240997455, 0.37052269708995483, 0.2252343522466329, -0.09712669104612526
-0.40483706743272835, 0.8213747783767348, 0.48502634020638, 0.06734858066320375
0.2940197901565645, 0.6266599311887548, 0.1408370135609121, -0.6885219854261875
0.15199112852426164, 0.4189583257671581, 0.005678077328082854, 0.21108936003136647
-0.4376638183031358, 0.3921053991602779, 0.21652507661253498, 0.500955062461678
-0.06787557431878988, 0.2647101981510591, 0.29289990510345104, 0.1804290572639393
0.6209959103348124, 0.15547049401139623, 0.34407515615599366, 0.21702413535811046
0.3244474243210229, -0.3937334375374753, 0.04801162971294233, 0.03853685739613409
-0.6839526404808447, 0.40941260281870984, 0.2762361841711094, -0.1510714385709976
-0.7866623335166042, 0.3460769836308235, 0.3839312010404039, -0.07908712117620323
0.6532318402780394, -0.1464420535956998, 0.4462611281452544, 0.47177155519871955
0.3029020134055539, 0.17224244995565846, 0.2840459279515282, -0.10906630337071409
0.59185075796798, 0.11840783360115274, -0.06774235811003337, -0.4959119518270163
0.3066839306888766, 0.07568168821025109, 0.11460167357334583, -0.22675759838436252
-0.4356401943230147, -0.5643336865432226, 0.34488960897640525, 0.09765973018513989
-0.16489051624114057, -0.12125785020229668, -0.7200632070849715, -0.4092129359697436
0.10058966084971187, 0.4006662376920099, 0.03985904458739794, 0.21135345477212
-0.21388255442683005, 0.16307141736281702, 0.4773783725259131, 0.5147789169279545
0.025721831636197238, 0.35157541400280534, 0.05500867786996114, 0.2831175630141205
-0.13574783611986882, 0.020631223589821803, -0.19476794270931214, -0.24120731644341536
0.006533037489857708, 0.25225416402457795, 0.34634581079774424, 0.5893252793882404
0.7865391581277993, 0.09749526032089838, -0.30628538454888193, -0.425186342094736
-0.024168787074573032, 0.5965552039833125, 0.0201884603056509, -0.15288338873148521
0.5794540117881113, -0.32235536910130863, 0.2264442222328396, -0.2543789051082041
0.33783409177536716, -0.12924446362363448, 0.11722256217950514, -0.28760561647239197
0.6789255516158492, 0.16242007393665694, 0.2568190169907801, 0.28888140223176967
0.638495237400393, 0.049927959900518036, 0.1369234336932828, 0.28808827863177383
0.42896573539819743, -0.5908971809713214, -0.04938873055367093, 0.14945129445428443
-0.3922360060558421, -0.20591197328245453, 0.3271339901340898, -0.3666873954492336
0.548637608199172, 0.2197778684991047, -0.4467819869319194, -0.060869157727641766
0.27029361834803217, -0.29716264117838376, -0.06460775398358085, 0.40362442616524397
0.5109336196181149, 0.4902054001458598, 0.05360524347685235, -0.04926727148796017
-0.03341507783501679, -0.515586385667745, -0.24088755913052146, -0.3385555935670911
-0.238912351856672, 0.3438889668362293, 0.38587122800261286, 0.3599910592908778
0.4759782325647787, -0.44028450734984453, -0.5284879246943794, -0.28844119963193754
-0.20928944081012643, 0.44563619917296576, 0.1730137414820974, 0.26038026715040025
0.3489302079571429, -0.3172644493842016, 0.4297987931639725, -0.7684510220266407
-0.2946282135841809, -0.34903223290196184, 0.13818923896859026, -0.19776060129207707
-0.06935506664229774, 0.36024332601696923, -0.04793256920073923, 0.4383617599132588
0.26995065066200263, -0.3739486215241163, -0.22373214929774354, 0.4680959012979677
-0.10276011492398622, 0.16690685004038372, -0.12816010974203812, -0.4769105517490348
-0.3548338994580424, 0.0955715417200966, 0.343153715226428, 0.1619881204837182
0.19294936329086196, 0.5185701767863463, 0.880385949680084, -0.13503461394807756
-0.3407815916896105, 0.32113694132405357, 0.43087908397094854, 0.44478161184815945
0.2440908843098928, 0.4964151167002498, 0.18699987590305017, 0.5316137685046708
-0.07694813132484035, -0.013464258467500165, 0.08969455729052588, 0.17932196104733852
0.003915523271422882, 0.6326506996653504, -0.031225124891032397, -0.16877762009259764
0.3492350492673276, 0.40656285866849684, 0.24681399824233544, 0.5447085353916981
-0.028736799222180084, 0.5512178806570455, -0.4639377576003076, -0.2944889242957489
-0.6158182659903821, -0.09780965343559533, -0.06120992659885685, 0.308614712388331
-0.6382004956986758, -0.1864008317830011, 0.12438713160079898, 0.38174061307958435
-0.060940725229002964, 0.036809820039669504, -0.11656693366918293, -0.34120993552085477
-0.25785236616339363, -0.21089576819025455, 0.26419381492746646, -0.22408977152475976
-0.04510684546807658, -0.3086933611557012, 0.560979166008239, 0.23440666514903363
-0.4865534363244774, 0.569903957953261, -0.2186755013706365, 0.006363242436360779
-0.04804177135240941, 0.276906381143043, -0.2154802122987702, -0.37470024096353904
0.22965473129813763, -0.2867942672387038, -0.20416912145084343, -0.4182760901131945
0.43577377236286063, -0.528124299931666, 0.02876189795721386, 0.12777211295664412
0.2354412485686517, -0.2504559469627461, 0.3262683723083366, -0.3888211237756304
-0.11751973066007, -0.36000507343842164, 0.05214951765527751, -0.4851464830699693
0.4322224602890714, -0.5268648541113733, -0.09434816684736212, 0.1576263454805646
-0.1276524161933856, 0.30321480781190996, 0.2281811650211263, 0.04387030135901529
-0.0848892186468531, 0.239659527809647, 0.3528265286118194, -0.13966157436622073
-0.32622660350821164, -0.3632451377957173, 0.4084861398325295, -0.014961507233463508
0.5802878966402313, -0.18598567117352, -0.5388518894495055, 0.07934658400697436
-0.3459425496887324, -0.632831374730544, 0.3110688921620375, -0.5157618279609708
0.6490911344310557, 0.5398030822881597, 0.003432643430087287, 0.049662156930464496
0.18479610256226392, 0.05085108709406498, 0.19475501958081712, -0.08575387710364439
0.047745829178113805, 0.3709968841237189, 0.00861100990457294, 0.30828693926954726
0.048201005634060816, 0.43915635859447316, -0.07093595196150132, 0.2611598675239228
0.47631198074774556, -0.586698424419035, -0.08320091090457449, 0.1691580837301311
0.13193513965746925, -0.40084446916673416, -0.32024794125190126, 0.3863275360068293
0.5298348856462025, -0.1322749548021143, 0.2852637710873459, 0.3431074613109813
0.2731197510434066, 0.9525179819442441, 0.40963772773716917, 0.047158875095280904
0.6803317238616776, 0.5449499179748152, -0.1833852704374208, -0.04530291672205767
0.091044521569635, 0.009936992234078564, 0.31391671603926874, -0.052386614217905775
0.32147804991916956, 0.772125021305907, 0.4892625090113195, 0.06836910860301797
0.37460048716570127, -0.6564108343024466, 0.25659884634960234, -0.6851989246460073
-0.060962816365611634, 0.1953348799929751, -0.25282119043020357, -0.41801186362450315
0.8693244104849174, 0.012963477761006252, 0.5641837093395108, -0.296451729141896
0.18145587513680558, 0.44593652597906525, -0.0715416814595335, 0.3647520535903616
0.24500061191574277, 0.14421995009739003, -0.2510509816240428, 0.0535423800424299
0.010000975195977337, 0.09137953602454564, -0.1282546235826441, 0.5825063860690123
0.22421417229394205, 0.2568092355613934, -0.38971370955186413, -0.7256857199688321
0.2784221261648391, -0.28708132743430825, -0.10358297498555671, -0.7066046420058292
0.13372797838671988, 0.1422225027838089, 0.3377483855376782, 0.6421654573774472
0.6479306971121092, 0.4619734095157966, -0.07054995170013313, -0.01072650660816292
-0.003101122566351612, -0.5262473095891949, 0.07062012018315968, -0.27841619183762667
0.2862471353995395, 0.5939272127332099, 0.1537140593418123, 0.6540020844521919
0.4602970209234111, -0.12603162336552418, 0.1473207651693313, -0.06906641200032103
-0.006063931038764305, 0.09149312020353709, 0.36960986461412915, 0.36409746022872197
-0.3985481473530461, -0.46688028028590195, 0.4588984720939846, -0.023972668260657873
-0.31144374034479827, -0.6674892420278135, 0.30475452382596946, -0.347681660706575
-0.2926018905644405, -0.5513110526111956, 0.10240396592670753, -0.5572684735796445
-0.3963061655446612, -0.12695040558542448, 0.05605956688124689, 0.2524013741381304
0.3177641353447567, -0.0008218176734942523, 0.017433365175811327, -0.11007315122684341
-0.3053645973673478, -0.24179618961552538, 0.03797162846445307, -0.47750142598842343
0.06285477096488949, -0.4093638650033684, -0.36116195851387717, 0.29977776918929994
0.10203428811058865, 0.3906958300576551, 0.7095112903416853, 0.1257539797298623
0.12154582708084682, -0.3404680863256097, 0.5316832781179032, 0.1621129962804769
0.10837126894745217, 0.382800149379938, -0.17417279513138392, 0.3013167466559696
0.05701801896383996, 0.4868676167252601, -0.04069225811588996, 0.2787432502288142
-0.12833124893393594, 0.14334703863673395, 0.16650649938075385, 0.2758523953383603
-0.1330392329537743, -0.5732164547015087, 0.313598151067051, -0.1954119600745169
0.676845202693577, -0.03879313568331999, -0.2982493632088111, -0.3438284856246054
0.0789047718643806, 0.1917180552023035, -0.23112470413030695, 0.7476002792236557
-0.03842015648172955, 0.1727378836862052, -0.2939093954909036, -0.5022331364948106
0.5460588222437555, 0.11186048718604709, 0.619654320166278, -0.17137629434622892
0.015550786008024852, 0.494100059429789, -0.49135004324953246, -0.3646927571730302
0.11607771189962562, 0.2817057790783584, 0.05743340691968609, 0.5848149866891629
0.2367013992593557, -0.35482208170342794, -0.12327794218834823, 0.4112733784695829
0.13400116405430718, 0.08883786568314794, 0.21639136242175744, 0.5331844349298528
-0.310709700431259, -0.24393451474921646, 0.3024396406668852, -0.3106272813596522
-0.5717305403424207, -0.15170994806653, 0.019542055960318754, 0.3421569433840384
0.17332944877275644, 0.6035345204708923, 0.7995504129392941, 0.0084558118319054
0.2822665266035749, -0.3853274438509108, 0.8220933354019649, -0.25704675302513613
0.5794006533083891, -0.041979716623186496, -0.06799966931674066, -0.26418628477359785
0.8098652241020025, 0.02576466891867838, -0.16700215079876, 0.5168183596272183
0.22854881994180154, -0.3750733019928552, -0.3224646209905964, -0.780069095175849
0.06650156036483308, 0.8909714589761144, 0.028974129369110577, -0.5264056492978987
0.6917921667116667, 0.030696342672209734, 0.6168627337063497, -0.23858753257461854
-0.07327460188785749, 0.04250333577938685, -0.3288665938853016, -0.42855134701921993
0.09071677209267273, 0.1381021502618837, 0.26374345075610145, 0.2330644964466739
0.7796439675887509, -0.016568734539986647, 0.14753566903183957, 0.39906748815474036
0.30294811197374694, 0.3003490312576025, 0.23796016518892432, 0.6015379504190946
0.005202294974185006, 0.12224229682971889, -0.18082656518113663, -0.29632412263114216
0.8721012965984909, 0.07578922972031041, 0.5207713733679947, -0.3700683631021269
0.07790694182954251, 0.19664335319003648, 0.17897504989589152, 0.5094074426556849
0.21600223811674618, 0.3421284838880453, -0.023320572954816637, 0.42185706441202836
-0.27481105547662216, 0.11253013682629111, 0.28954350764228487, 0.5668893685207035
-0.0821419341010772, 0.031022856083850914, 0.34166145703965717, 0.530611949913365
0.06135364286372296, 0.18855615509922072, -0.29012047515356615, -0.3268354507104801
-0.2935467998073511, 0.656776313535594, 0.6052080807223451, 0.1496819360187959
0.512720679783842, -0.5377767567532482, -0.08020804800039306, 0.19102475064083368
0.25197179023885535, -0.13039098856842754, -0.08775373706260113, -0.5818016717067034
0.3481573284620462, -0.028608999863636367, -0.3025367273147633, 0.2580686215067146
-0.10992793226133499, -0.012319763593035897, 0.2731412621154769, 0.12116380252826857
0.15608418681138495, 0.18882867807896384, 0.027215465006350643, 0.5141702469912487
0.25106380957788127, -0.2425093996863796, -0.12502671115801772, -0.6700165227304856
0.3380170724067179, -0.6139805820429357, 0.5010397767310533, 0.3382222726127819
-0.3178419060190506, 0.49147851282222815, 0.01765927070993633, 0.5177530290306851
-0.43152762853270177, -0.0674436641309541, 0.12276843898589346, 0.2946206421164894
-0.33861921620419644, 0.27246040526076504, 0.17863260317889534, -0.13027964142352164
-0.04547339421294302, -0.17508533407104238, -0.3530587840902669, -0.3034261947939941
0.1897265904573356, 0.35918003593742176, -0.03385541814466047, 0.4007664360210677
0.0003105680311698954, 0.533895022444895, -0.04053449088415358, 0.0062451047115287895
-0.0050589544776905105, -0.7698524348235507, 0.058422799095248557, -0.14605076280747326
0.07571167160048038, 0.6495826095701029, -0.01477050356743023, -1.0099876025898789
0.02661609633986298, -0.20172447809530697, -0.3791094617830503, 0.2536112342269943
0.4427326972941457, 0.15727040694706257, 0.26067985579376224, 0.09916544849993439
0.2782630083751907, 0.693510489981935, 0.297960340532492, 0.026463040643610936
0.03905840500940891, -0.4023823469428774, 0.10011825827587266, -0.15437766878926187
0.30718878039171554, -0.03479233648308773, -0.08104982721755127, -0.03196356435727974
-0.08940210729351054, 0.036358734188525296, 0.1252569271435234, 0.2880836582226033
0.06098505970153177, 0.5147863980233615, 0.1654399428695636, -0.7679266278812917
0.049773372380409034, 0.29140612072576505, 0.1356214655175023, 0.5156983230682249
0.24988188271230552, -0.23703297860515227, -0.19780334419174211, -0.3264483962640616
0.3319993683329619, 0.662568184590176, 0.5156755902726192, 0.10801868302468573
-0.1654249881770941, 0.158481935889047, 0.1826101190190244, 0.3858374756353152
-0.1542186917221509, 0.07378367779550854, 0.8278573476100946, -0.19678786201220574
0.1496594948146237, 0.4108980306089264, 0.723527556931196, 0.23703834296213108
0.6180586390170945, 0.3430651643230744, 0.014833161479883653, 0.01813024127820615
0.16512212788588954, 0.480442496952113, -0.2091044621953679, 0.4352840008684974
0.4624287755360293, -0.29806443876350086, -0.11773935238832302, 0.131227543264984
0.9179414024893939, 0.016945331797508276, 0.5187490382091382, -0.22516282637256865
-0.09630402871603665, -0.6076316213697308, -0.20763854375333343, -0.30378726397845146
0.49258152157576246, -0.08276904229873538, -0.26196054029137467, 0.05968123864458602
-0.28678462272866784, -0.5828444653702736, 0.08048092433283006, 0.19146725788395433
-0.18599042244724434, 0.05053986179761275, 0.8378856032525491, -0.26803061737114997
-0.05512101918016484, 0.7828092880285915, 0.31513167795562613, 0.2508012851163614
0.6198944899361746, 0.016356300102523598, -0.1665616214426121, -0.34328822537311554
-0.05181903788514412, 0.5813951231933885, -0.0472926135643033, -0.0871143534212701
0.28135967966947156, -0.31627270626071524, -0.2961482617873361, 0.46539538306506484
0.2220148490937115, 0.7815105068459218, -0.008798564188502618, -0.4553837308547134
0.26948483130479917, -0.16883663696823206, 0.37426681891362296, -0.27688501238187857
0.5126866746240936, -0.26413351126077433, -0.2165870992373512, -0.26247754688041863
0.20829179933507438, -0.395802654411469, 0.018178370245433256, 0.20192106151025574
0.519558565640424, -0.3704044730837141, -0.11551897281251326, 0.10202454622621358
-0.04077051443929628, 0.4885726396423541, -0.5480428031407438, -0.4176803543216634
-0.3336430671339268, -0.5139287123759132, 0.49188423666426967, -0.05872512742865062
0.2935513266677283, -0.5706217434237537, -0.5851838923318801, -0.58599657358273
0.027484433579812066, -0.26826354080873865, 0.14134995361244107, -0.25174944174279906
-0.09576872169880833, 0.27099475677168283, 0.26605550425973257, 0.4656287603817801
-0.17247034806685185, 0.07999269622177795, -0.1449712701084996, -0.7604879876462753
0.7826720290268582, 0.008996593328613946, -0.1861231502956685, -0.27861531273438245
0.05517617916365678, 0.01801040041996412, 0.06052016496851766, 0.7529437736127877
0.21291222113362707, 0.07726107375024537, 0.15775550166707494, 0.5777098720723325
-0.06302847540124644, 0.24117701720142726, -0.20066220740316984, 0.20554050744102512
-0.4541323766735889, 0.2852429545065012, 0.185068023609317, -0.08323320033066527
-0.15692825711230804, -0.5882732385266649, 0.01232084353459504, -0.4973090411336223
-0.20514313324319358, -0.47657132891018095, 0.23802139590982002, -0.0523286184599412
0.5121252815971855, 0.7597470568840228, 0.002520627801517041, -0.669424163968999
0.42000207974834597, 0.35572558946469346, 0.10324804780884421, -0.761562654253991
-0.29407969660513966, 0.2252446808675061, 0.2482399978993433, 0.6129953483567028
0.17312926199600787, 0.032833118768006084, 0.18168257712009864, 0.5586581998257224
-0.46479688544267916, -0.1662903427714962, 0.07714540982466102, 0.3741390010610765
0.358910844201333, -0.26019910811824387, 0.33112524891726125, -0.5606557193473121
-0.3677288634187772, -0.442621353155127, 0.17651620878834962, -0.3421466016617789
-0.29030095836520325, -0.5828329343122048, 0.21164675991513204, -0.03916718617193089
-0.14783680390636014, -0.7962247201267163, 0.009432223441001752, -0.24446046422113785
0.27472824690286013, -0.2535892298859713, -0.12594141318069085, 0.07568028545826101
0.36336064142971286, -0.6630664900540341, 0.5271833566724207, 0.2670139662971702
-0.19626677840468945, 0.0033004582307564856, 0.8651242041665871, -0.17807188502950638
-0.2164289439560906, 0.05833590640958395, 0.7628238319141583, -0.09872711564926172
-0.017836517798287512, -0.3693131403729981, 0.020054308001701528, -0.21618568037364472
0.13491182524162051, 0.09559483303891905, -0.5725548979898418, -0.6914111108670754
0.26516853212969854, 0.43637434637421224, 0.2709280427841915, -0.5346315925307232
-0.28891060982087347, -0.12369046961504908, 0.34533827974957526, -0.4394114365632269
-0.03426593475003175, 0.05254070826092335, -0.2848261681406604, -0.2465023731696864
0.46515675365176673, -0.6498629413688923, -0.10455058519043212, 0.12391018671729398
-0.1543472801146798, 0.2555713072586332, 0.28672113036604935, 0.48709015448683457
0.17281039188689304, 0.049349490235334144, 0.11710473093962648, 0.4364961705869262
-0.5261328972728855, 0.11837871654400864, -0.5566679498937551, -0.4691529208148953
0.5136666349286905, 0.6784952910538179, -0.056870000083205655, -0.5883304302884115
-0.04179970188446082, -0.04458246604177411, -0.2610605944536666, -0.3675033469754889
-0.39037078276318393, 0.25513487926462336, -0.26272930525836, 0.06281378493737093
0.3994747554462248, 0.7519255469079525, 0.5487285934761343, 0.10901713426835323
-0.42819518919340394, 0.32650082298170224, 0.04788716037344815, 0.6693368107786148
0.5222225954505316, -0.014229835097701761, -0.11778613434797088, -0.33827702179699554
0.6394729658244345, -0.5313880835483971, 0.16808358913163268, -0.1534045060023541
0.022008028015320494, 0.03608696064496772, 0.7395372369683872, -0.36083915734032285
-0.3089944221729847, 0.6097999750330927, 0.41795476431598405, 0.09720613524696979
-0.040621275469074916, 0.07630605876676554, -0.335295502135959, -0.39953375850399075
0.21541965354798606, -0.4229126990918459, 0.45586007717466176, 0.22335843559471738
-0.07956079033930727, -0.13095034428233115, 0.18682611733495633, 0.37693488315434825
-0.016989609509076714, 0.5811402373054917, -0.22868445860424447, 0.26089428532165454
0.13713813394783902, 0.030809709145050712, 0.25397450342729505, 0.587538729716373
-0.2175647301111403, 0.3966210763345252, 0.0239333519338696, 0.37857731622972185
-0.41362416358671117, -0.16762727103466818, -0.48866162634660887, -0.7245967770719776
0.2288500816318132, 0.3726342707292098, -0.10339701986605056, 0.49085804812349754
-0.27808853236512787, 0.8888526001540973, 0.4236450088762079, 0.18068427413607602
-0.13188240419411718, -0.22683006898132663, -0.03161240665977994, 0.44504690402534675
0.31637024457806223, -0.28219531244527357, 0.3054026839631963, -0.715234975431439
0.5798173251325723, -0.0020773925421644196, 0.1197706744715039, 0.2102821386720437
0.09534278736854312, 0.08344497661168863, 0.18963163026884244, 0.8763975255912259
-0.04202000290779902, -0.3933327383505884, -0.05178169096322581, -0.29223786599835555
0.7772384520409917, 0.49406607805516034, 0.011882226170771676, 0.05943001176950865
0.2643838898087251, 0.47108743687450355, -0.2617108577923623, 0.5342003208416843
0.1318009441257492, 0.5686990544593243, 0.7818281045112817, -0.12690418822264785
-0.11144844405592343, 0.8277764952905347, 0.4270293968721335, 0.2984941305992962
0.10166032247039072, 0.6477432111754762, -0.2943926687642404, 0.19044670989452045
0.04925061310083664, 0.5441091580873045, -0.07991850097100703, -0.011456223540643634
0.3760488009871836, -0.08611133876460086, 0.04629511656544754, -0.11071552461615747
-0.04331468497624312, 0.05689779756751803, -0.20826298620360584, -0.3769116207053287
0.5812592513993693, -0.04666350539832996, 0.32359820617236695, 0.1698490213617492
-0.1368144611156761, 0.5380223815623227, -0.5946687883025581, -0.3385633169269001
0.3322749502870363, -0.21839012688078646, 0.0711463058476577, -0.006503360197666325
-0.6670884145843533, -0.14226300648831255, -0.10878761240073777, 0.4557022159586732
0.3342373190963911, -0.13596764555810037, -0.030975528563576573, -0.004424412282196123
-0.6002407633664437, 0.2624421344301151, 0.17806902146391942, -0.05741757714932588
0.2924374182852481, 0.4673613833868319, -0.1819927662763321, 0.5279888814791867
0.2645272841276603, -0.4012242206165212, -0.31152203948310514, -0.3746892447131664
-0.05297561385935544, -0.31502098102964127, 0.08387702351592834, -0.13824531912184929
0.2778166990806077, 0.6439126684856658, 0.16344588992733486, -0.7037732044119245
0.17830137051664688, 0.1884005856626514, -0.47738369188011004, -0.6088463323363512
-0.08940822051128426, -0.016885372342986524, 0.16772000756016747, 0.14544840832715253
0.27871029762876437, -0.1752413637269686, -0.1398070890422289, 0.030649890121269632
-0.6099219186329183, -0.20637426907557593, -0.019846557983657934, 0.3720848967310708
0.03585892500815579, 0.4663574227742766, -0.054370980662337746, -0.0446091787333052
0.12393355498289386, 0.014671290321494506, 0.1013550647186343, 0.03142210211789745
0.22834706950673853, -0.4297264630473216, -0.35722193846297623, -0.4440679256298886
-0.10818299926945629, 0.15085538018397804, -0.42874566931085134, -0.45352784553521036
-0.2978109216807785, 0.20729786535700692, 0.45260948177075067, -0.8975617089339196
0.04335106043613709, 0.21926226942268826, -0.2851879136181803, -0.6171349585123479
-0.07881532312431859, 0.016018851531038613, -0.23212522685934883, -0.4226805544481688
0.731043201853112, -0.06909492778822128, 0.24194174026694895, 0.36707079706728674
0.16747437455465758, 0.22628173884658132, -0.13695646649417928, 0.3361335610152649
0.042508446589590805, 0.12018361745327512, 0.08332306773129239, 0.2831911116821264

(('euclidean', 4, 0.07, 300, 7), 258.91937758739857)