0.6068509790265801, -0.3284378715823423
0.40535685996687376, 0.07435575071184314
0.5597003707140703, -0.30825449705351654
0.12559969543441077, -0.22994882313368856
0.06189721908948186, -0.02277702980604779
0.5809969686651271, 0.14268983038761618
-0.013901740739364328, -0.3531801165364058
-0.9142839801037862, 0.6490333878655505
0.04700284988608383, -0.15345070137184355
-0.3817303016319918, -0.8655990139367984
-0.3472712054887235, -0.8614248935751417
0.10209520879291546, 0.5184515376499632
-0.24253535535311063, -0.6986621470870277
0.05681982881474768, 0.10398621254938593
0.081502831859797, 0.7970759550959726
-0.7630884516923735, -0.3336836071606701
0.6544453549084966, -0.7412412813291633
-0.460241860900903, -0.03958712137568704
-0.9778818790114882, 0.19700787172168344
-0.4109939191375045, -0.8357859914739509
-0.012364308127604825, 0.15041867401383446
-0.29145335597251476, -0.3766051715830305
-0.11762863992173321, 0.09499111611533355
0.10553189136644599, -0.48724838184816494
0.06388281920915238, 0.5651315765739781
-0.012508855440372864, 0.2517988841697409
0.47250873063531684, 0.09327680751669225
-0.2633489783114687, 0.034531969012280506
-0.049573838378055256, 0.5912423057233219
0.5344011655012724, 0.1563914349044942
0.09345288927422672, 0.6359411465429544
-0.36698118374902, 0.017336750298915286
0.011187161352590956, -0.2502328995771725
0.42096888973294017, 0.10293615110939462
0.44379268564357743, 0.1395664476399185
0.7296630789951722, -0.3012422544980272
0.5921906723606646, 0.4022248997651195
0.5818188529763607, 0.10931514179284352
0.6027421243581306, 0.3856588181119928
-0.010527037639976053, 0.1477760937928329
0.4584269194489936, 0.08771767031918551
-0.358657747381463, -0.008239426169944771
0.5183280112723848, -0.38099771227795204
0.03138223066267487, 0.3362959429517195
-0.23207189994359198, 0.4427306570855532
-0.5737358421552794, -0.3514122826337007
-0.03080162845309551, 0.44312996350314515
-0.09412125417179565, 0.1888267368459705
0.12191743313777714, 0.6261762669349876
-0.45463892063165406, -0.28976469302273433
0.7360185157845208, 0.23296881588686638
-0.43715865434048756, 0.049175432337586596
0.5132824155834601, 0.239442895865333
0.004843951047577423, -0.26326465207335187
0.5710789264169092, -0.3255446358137666
-0.911686092549885, -0.6070907581852568
0.48246281524655205, -0.28542131668234866
-0.00751074020751115, -0.03772903666490965
-0.318699738314816, -0.3948065757411034
-0.3680768941389451, -0.3403918999210487
0.7035962027769113, -0.37485412384259736
0.030517857535692045, -0.3561398054865819
0.6261488642011741, -0.43068738727189876
0.03232154112199685, 0.14835196716895313
-0.13070874914976127, 0.4045207929643466
0.18389412959654364, -0.7854032301495584
-0.4306710055978115, -0.027742884750828617
-0.02163504334596158, 0.14071671301989055
-0.8046743634898758, 0.13600660204623685
0.13456302387350322, 0.5895320877067967
0.07344913990239448, -0.615145749176344
0.06479754923542683, 0.5162013174162566
-0.8660431376516234, 0.1478537887783941
0.519740646840279, -0.3428040599417134
0.026223336756902256, 0.6418325201195597
-0.8530821181656552, 0.13870556307206858
0.0319653031161024, -0.08839524756423409
-0.9479991215301532, -0.9085995775690848
-0.0808363348622083, 0.4236689330945215
0.3559494916128172, 0.01027960248771666
0.5300290769802068, 0.1261571390299538
0.0679127298039275, -0.2753668202232763
0.28421514790326236, 0.0023137021947465483
0.6963341786709246, -0.34855236223739955
0.6858993671193357, -0.4983502444145485
0.10848654767766881, -0.6440635405706409
-0.3849026797634401, -0.4205752606295504
-0.059351921933639695, 0.7925571494266135
-0.3808995472595365, -0.9163608053741422
0.9981591789319764, 0.30830203613514245
-0.1345751651022476, 0.4507363521928574
0.5105523820817303, -0.36672942437489703
-0.16751116986789477, 0.8498385316024483
-0.38311577293938365, -0.4582837970468883
0.7313048287137628, 0.48987143732078714
-0.9211963926302876, -0.39762944211031565
-0.016873344884766432, 0.4134948053339061
0.4304498975415117, 0.1535406119393385
-0.01279961009231251, 0.07986173784563139
0.9011391357892204, -0.31723706471967916
0.08252687176823721, -0.21708120787576946
0.041686866218068934, 0.10591158586202899
0.08309133589925154, -0.19828442244169414
-0.07167609514183745, 0.35368762460910336
0.3876780038509647, -0.1922338720679692
-0.39319957939437705, 0.08053082109907572
0.06704113981937802, 0.12596213896738934
-0.009133432624097366, 0.3279781343035165
-0.2225887768886992, -0.3863016961917982
-0.16494861972202005, 0.5053702783122463
-0.0013223601321357523, 0.22880962264851828
0.5637515351957176, 0.11210747137486696
0.5418039890098646, 0.3981633253873789
0.05466289233691003, 0.14849273263284343
-0.9171225218008191, 0.6522879780130786
-0.22296632130098487, 0.18888991923506593
-0.2827521382894903, 0.5914296048978338
0.01566392202887471, 0.4738237021150847
0.7159781417901726, -0.3015429101327081
-0.786078989994595, 0.16377298096588064
0.028349505777950295, -0.3112003452911224
0.08241319223812973, -0.13491531504681684
0.07472796368666364, -0.13620205362875323
-0.3519103784330926, -0.42268923123679
0.09740983247734658, 0.7476684450176193
0.5789137964214233, 0.06047934207286931
0.022103153186953394, 0.08218535544483559
0.6269446051099854, -0.2356793371724497
0.5859766381345395, -0.34023116628528693
0.7086867487537694, -0.30806477950679784
-0.7124943621514201, 0.18559611939312
-0.011792657324933968, 0.36572816946290937
0.6504537316728909, 0.07726692369106622
-0.0004691699746585689, 0.6026484250633182
-0.394356946928273, 0.015998856798793377
0.4482573217879665, 0.13594858033100227
-0.3419656431995233, -0.41091071494443054
0.6159620887775512, 0.4917863015315717
0.9565908134753599, -0.2994099122007895
-0.44381582749155046, 0.0972960243857964
-0.3210123221372772, 0.09905915408830486
0.5595006027749607, 0.31234155524270146
-0.3734549238884135, 0.6054372441344397
0.41071036629567786, 0.18642427408737713
-0.34036892939453084, -0.41049095898000754
-1.0833281339535061, -0.5852354952654096
0.021238217648312567, 0.16714280245477217
0.09719264894527453, -0.4364525517153108
-0.03755415279393723, 0.09939915180070372
-0.42416432946363564, 0.1430914722790999
-0.04542032056853298, -0.21738481631682308
-0.28077453247806505, 0.5582299502882538
-0.7023551388232981, -0.331453252464853
-0.8963563597916385, 0.14915979278651892
0.07214385025030118, -0.17339139981813093
0.09773454380590446, -0.1895307886683695
0.019876465701038022, 0.19943192775566443
-0.32092839157136244, -0.3176253162947563
0.03982409874749308, 0.39076531108829743
0.04862322301751805, 0.1653504602127689
-0.3636095968827334, 0.02579586712682625
0.4798194882362629, 0.18114861122989104
-0.3420237749479525, -0.8887562661711605
0.024228442999034608, -0.7198071539415396
-0.9262388918526241, 0.18741475583934072
0.47864782291147767, 0.04520178207189476
-0.495909427148483, 0.11199815618342153
-0.876243679196739, 0.6018618444738991
0.004867289658900318, 0.21635006913313157
0.42231301401370647, 0.24673432684127025
0.7837535716365539, -0.4133146353735139
0.5252879161277273, -0.2883742367941741
-0.05795569975569607, -0.2306051558389559
0.07432484275172023, -0.0193482060176689
-0.4320162388220426, 0.11003282579229581
-0.3085661535326689, 0.499124748351385
0.4112141872364425, -0.3289924790386886
0.18236025615541807, 0.7698336621221816
-0.08987956537144959, 0.4769590256271378
0.06456539003068623, -0.1780177206233325
0.6520632767120894, 0.5022234172305143
0.451039387441434, 0.16979911456860577
0.5853246404903151, -0.38018460117666913
0.008444500718215432, -0.6403852404280395
0.45531442042695086, -0.28917152688608233
-0.3799425817935989, 0.6437186685029037
-0.3534357203589861, -0.836473019382439
-0.012296655248708733, 0.1661182722679229
-0.33876626113898073, -0.3625031269889873
0.23493710372305412, -0.8457193034928864
-0.857000993355068, 0.16099189165005157
-0.052178645998410135, 0.2163300963620339
0.07974261609585905, -0.013803848018268675
0.1270080183044614, -0.6245108363710343
-0.011862280224692703, 0.34786749741944095
0.4338152847958209, 0.08338192246389199
-0.43179647675472693, -0.026456504642196323
-0.20687413534796673, 0.002143929010866217
0.08123159306728689, 0.606284119818993
0.480336236839273, 0.8234237149551826
0.11427493277541503, -0.1884080054471434
0.41206325938654237, 0.14558698583928975
0.1172438602332889, -0.19507778161859196
-0.3876530572594791, 0.002438705947435527
-0.3788388293180104, 0.052044716026404376
0.10681073055577062, -0.28627458652094007
0.5279901706316849, -0.2531650807949766
-0.2621368335566867, 0.09372559612729774
0.510639322018391, -0.3189895272048434
0.09262370635738722, -0.35473875505197616
0.04111404379792698, 0.17383863167816488
0.3458945293434336, 0.03411484040449076
0.06672782122610857, -0.20306716568122524
0.04721594543953245, -0.47898780195544716
-0.10016697265083366, 0.3947474200784769
0.4810152423473337, 0.1914915747557988
0.28655643029075295, -0.08186232295622171
-0.3429541893182852, -1.1351546963991006
-0.4626781557882733, 0.11228662721269023
0.4872563454769026, -0.22951777140603102
-0.2914440080162055, -0.37930710886828317
-0.33969665488404505, -0.9261008467173922
0.1395731999887685, 0.7844925073088376
0.4773424087943357, 0.08757118450714499
0.10986539236161004, -0.2550071188196727
0.10750427073801394, -0.25516863409154056
0.16002895257033914, 0.6738047656922829
-0.09308449520139185, 0.24474542883126005
-0.41495291818538693, -1.081094053908374
0.7628079994035599, -0.185660325271887
0.6343314565730629, 0.5105639754353971
-0.3632206232952505, 0.5841749119259512
0.1407429084646832, 0.7364294003517331
0.6231200716589455, -0.4014110996456772
0.3451750708309763, -0.22245887695288366
-0.15929112412962543, 0.12671496270732246
-0.44636564365445636, -0.03860437390332925
0.1319161275632145, -0.2842617049579049
0.5901181564523608, -0.3394915178659531
0.09718035367581847, 0.6126747931520199
0.7917431663218403, -0.6410996013801938
-0.0722685604265439, 0.38817562679347295
0.09630120825959419, -0.2743879235338062
-0.10449460447992903, 0.7514108628935253
0.5754919069636631, -0.42004254133293656
0.5050343797512543, 0.105139488962417
0.4728986414622835, 0.756437964408818
0.05233626771448399, 0.07551485057731104
-0.45966174680079375, -0.03942912869366403
-0.40141247140672764, 0.03149200300300765
0.05194964401809252, 0.1531957741221996
0.5524526297521082, 0.2411027814255321
-0.18729283837783023, -0.034329983423617434
0.9231569197029561, 0.2072062074630426
-0.41781426215863465, -0.43989748887682223
0.05036838506004237, -0.6287256340978515
-0.7320966206454902, -0.665043611126262
-0.30223662296262216, -0.036965304499568925
0.6080845697762235, 0.040893857195056615
-0.0036930620321717037, 0.12594623820518075
0.9282955709307813, -0.2628091408172953
-0.5015887798460216, -0.4133243782891318
-0.5777261802203129, 0.15451118086060348
-0.3283086206030148, -0.4362392058198195
-0.3297028898331554, -1.1095165806666545
0.6643638512219892, 0.1412619109037828
0.034718513833167604, 0.36090441195254575
0.5186417164253537, -0.24976697689962138
0.06330142601554772, 0.7190188199058919
0.6128035302131776, 0.39011209187611157
0.5713496094778837, 0.2452713709884029
-0.29286561695326735, -0.025833030739069843
-0.34956504981710323, 0.06048559332534163
-0.21202597955361485, 0.5860918946369192
-0.7952947745810526, 0.14944836727175512
0.17307618405095426, 0.6534062191759508
0.5166347224752161, 0.1379040718976232
0.4577809890549229, 0.3002463930688818
-0.271717687902298, 0.050318343991614244
0.5160580626710519, 0.21702069984706324
-0.2973917684683165, 0.15645315642927055
-0.2575033550584516, -0.6653356235729899
-0.7931921709702102, -0.3643574314966603
0.02834796538831824, 0.26167578276120007
0.07268699652450408, -0.27317804051960387
0.0036405651068596332, 0.11458598765257497
0.12434200793231086, -0.14240990866678577
0.5342418231555907, 0.09112788375488848
0.09052887267726364, -0.1661593081557761
-0.34915705238837597, 0.06945673881227199
-0.8390421365753754, -0.4886357383116542
-0.7063320625669567, 0.15013860133189802
0.08958369950057603, -0.10895721543255406
-0.020698724875733363, -0.2533633779647537
-0.005292884530959264, 0.4100967814233059
-0.3371004180092168, 0.05768083707024381
0.5864748685478122, 0.4326814745862419
-0.437995430169006, 0.004948907541009084
-0.3117072283821357, 0.03998140388192234
-0.9541517113206308, -0.46710125660819635
-0.021327135840816278, 0.3818158979817537
0.5381017257494626, 0.23579697510743972
0.0009523598182632866, -0.06417420379397433
-0.19184303464865668, 0.13197870521317226
-0.14083151672082905, 0.37485740190386163
0.23195152638034294, -0.8366672646563161
-0.8501689989330428, -0.39957908884312476
0.09340766589287842, -0.3145834769892171
-0.2776995021991888, 0.16215130870061814
-0.0057984074235213475, 0.1363532448819539
-0.002262974378947743, 0.15663955740972804
-0.8634283810952892, -0.8414817768401076
-0.8280564817100874, 0.6552350277206475
-0.07948555508396435, 0.048865910699318366
0.12161638544283586, -0.5566079048756009
0.6225534529927362, 0.2726394291468094
-0.2713679779218224, -0.3761818509094243
0.6042032434054205, 0.5687874028111928
0.08568204932106495, -0.5206914117100618
0.028021469817757095, -0.27074365117074894
-0.3918279447614017, 0.03185890928147951
0.38340073550105974, 0.1745390996489878
0.37089701118868396, -0.020073680554723243
-0.0346439583999894, -0.6170433680900037
-0.39714708619425304, 0.0029972233105637824
0.5021773784696495, -0.2672302666922721
-0.47961639149251095, 0.056055367589328345
-0.4869278110124731, 0.12323141286134201
0.11333324238364617, -0.5212435963261732
0.60001773858046, 0.552602952192541
0.6953843166532372, -0.2561221407449326
-0.8967029490560353, 0.6599181134086808
0.07835653166505797, 0.5592922083564832
0.016817102531269338, -0.3188002181553656
0.6025640211489436, -0.5257397780568922
0.6951423067203018, -0.8016522404821516
-0.06238262843213557, 0.12450772706248749
0.024432832654714434, -0.44098588955479656
0.3520315921765564, 0.11365872849726905
0.09867075605867714, 0.5809243545149297
0.01940005769308415, -0.7790378927511907
1.095033845645259, -0.061329980049228766
0.03785110938689012, -0.052362251119584896
-0.7833386045163643, -0.45976735464159635
-0.03502695522402239, 0.2787458472246965
-0.4380935898310292, -0.01087176839083527
-0.3451772219000794, -1.052049363091947
0.10787673558020815, -0.3594699715219442
-0.30039071328829503, 0.5428293842720104
0.01916388443536423, -0.05994801715888039
0.5071527379486421, 0.1800279961119955
0.5572632434324701, 0.1250352788887839
0.6144037850165981, 0.05581943268938787
-0.837222812380117, 0.1317754423742579
-0.31953260476533896, 0.508043954871634
-0.07103407781418863, 0.4715110658890885
0.11509042632552814, -0.273007446803761
1.025844055384865, 0.2822178606493711
0.08623505305414497, 0.6627799358776921
-0.810819576604249, 0.15041886585649253
0.5445060034956555, 0.1723701591316237
0.5658327505353465, 0.3950435262177744
0.08459179297966513, -0.17015315654270677
-0.24304072465526758, -0.28109787050215934
-0.3595504420643918, 0.015814670225833775
0.44596679192393013, 0.10509111233718253
0.12798760339810472, -0.24368942491826728
-0.0024739552331536742, 0.15018255076254905
-0.20274492824640622, 0.008973460414859072
0.13126433930440096, -0.6316910072360394
-0.20521498336902663, 0.16213811115503923
-0.13490786496628393, 0.1515547177459256
0.6067744686784436, 0.21183380366017457
0.5899189171838121, -0.3445678944505843
-0.8243428889268636, 0.5638433959520794
0.015813157340973424, 0.6280701203549984
-0.3617165796939375, -0.00863220012560741
-0.3860555661920469, -0.9708079065967156
-0.12251280605752812, 0.27300901153816876
0.543474460742321, -0.6552303811784078
0.46326188217216613, 0.10953004550707822
0.6037630205387423, -0.2816531243016266
-0.059224830394234124, 0.6588161186670156
-0.13239736352563944, 0.36546436822041567
-0.38938273829449727, -0.06665106805981845
0.5342127679029033, -0.5049447819445018
0.04713965121649118, 0.6178816636911157
0.001023099614498732, -0.5694367409785286
-0.14874952086460144, 0.2794151358438495
-0.3289291842481158, -0.37741731025454506
0.05678113902148029, -0.24698521400238088
-0.9150178979107311, 0.17972932639802022
0.4922648794325208, 0.05130438950603803
0.012024370084582067, -0.46754157549773534
0.11640476612585483, 0.6328989980257127
-0.8218940316594282, -0.42851052536582107
0.5530359003015399, 0.26226321515148404
0.7384857034291549, 0.4095221853885921
-0.29525976693333744, 0.4882098359668956
-0.09203253840507418, -0.2317397347122816
-0.31437432448228847, 0.5062829440046798
0.08432556199723165, -0.2606156597868352
-0.33989772050373035, -0.7209891264986603
0.6648116601349046, -0.3610161575670628
0.04563830520298959, 0.44108806101529163
-0.017513583573609152, 0.136089362666111
-0.3408138305540126, -0.400993940947049
0.1457307999829486, 0.6757982341589185
0.3777258565258956, 0.10358113559609348
0.09817515634865512, -0.2975920198663995
-0.3748017765085395, 0.07117927637126734
-0.35539847620182413, 0.5150462113664033
-0.47659899622603324, 0.09620561646099536
0.7178512642091864, -0.3563224881586659
-0.050723556639390724, -0.41598695298205984
-0.7848760211426365, 0.14333120848282221
-0.43151863600627166, 0.5862216713313749
0.47855460039367403, -0.27175976459983614
-0.6842828191564126, 0.276048614166231
-0.46425681000899405, -0.05331019125963524
0.6512459054339637, 0.2864449451043771
-0.08845357178368819, 0.36901963765514134
0.736716034857925, -0.43004044727357704
0.49689079166618483, 0.3985274312037923
-0.025379275508478908, -0.05899254055574065
0.24647679127510197, -0.0052681870404548145
-0.3492249052837116, -0.04216234835552136
0.6472658294124786, -0.6096269394435871
0.6585498631559119, 0.1499790180672404
0.7329254672977715, -0.39928040567097084
0.3503739312244732, 0.11295919290848218
1.0185121070474537, 0.32319641819541445
-0.5664137291591491, 0.11298825465972769
0.5404821107736699, -0.5460275244606112
-0.39845265460937435, -0.08730630712619188
-0.00795559308708755, 0.46568788537427575
-0.08316377595356751, 0.7924104097137809
0.5324863421372755, -0.2552262182496553
0.4114824510364659, -0.2630696566013206
-0.07502576743482539, 0.10501089171031963
-0.18602163533210309, -0.22667859665135273
-0.7227461556707659, 0.4800093856068059
0.005775744955016604, 0.15200148877671377
-0.38564275318955843, -0.9102768704885061
0.032394349572234624, 0.26476742188617436
0.017924081278599863, -0.4079761380164817
0.0861625493244545, -0.020583834773863354
0.5993879866174735, 0.25116051732587774
0.1506991696129388, -0.47778565968053355
-0.69982797559919, 0.13354120376535059
0.5442761268159559, 0.07618678677503772
0.5548138118361016, 0.42937778918802966
0.17742698186385958, 0.6813788204404869
0.4281819674836127, 0.17301219998004616
1.1737879349641622, -0.07966115483832412
-0.20520642950286994, 0.4374663250865838
-0.3705558585801713, 0.4972345871247358
1.1689345027842823, 0.34657437138563013
-0.20458486467857914, -0.37993845919289165
0.03351370367428404, -0.12728169106502074
0.09604364419024025, -0.2093250109500522
-0.297860176841, 0.09860401073658413
0.08657442130551533, -0.15863932435342726
-0.9020580099595104, -0.3046206513650721
-0.12603648851623556, 0.36500496026291696
-0.248271211362594, 0.0741964857352232
0.08100212958105808, -0.16588870766925606
-0.44662962385079397, 0.0697424586156417
0.03839345553592145, 0.23632243714416953
0.5120522867773258, 0.018651430757402616
0.40996861875879953, 0.1299705700140797
0.6231534583478834, -0.2623834498893464
-0.011871322674288785, 0.4145632761575597
0.8239591493439988, -0.39285407645828563
0.02201322265116264, -0.19021456281414334
0.05028298211167389, 0.2841296580224531
0.0006562060898126306, 0.461609642829119
-0.37242453653822594, 0.0793389369106792
-0.3974446168439014, -0.4423464876425162
-0.1327260347512909, 0.4107285597471323
0.7973523260882819, -0.35018861490164943
0.4010695231661946, 0.1523005004291258
0.07725114752111087, 0.6129849106563175
0.12779722937433308, -0.201925477144214
0.619566017960534, 0.10823037320472155
-0.48362819212383884, 0.05066562064663478
0.049054597140281785, -0.26944201455053907
0.10499753230898123, -0.5784592971499593
-0.114006074794563, 0.23586298548638712
-0.35468908683612577, -0.7199442788911463
0.5772883556613749, 0.44290064224802406
0.10710662797049625, -0.19207931814940207
0.46139588095049744, -0.23958765221420714
-1.0887713848848808, -0.31706854739858514
-0.4695263749562406, 0.6995115646946655
0.5101587746627972, -0.49403307771527677
-0.0007146796214831196, 0.12202328223236245
0.5205106347758608, 0.25524570043331823
-0.623464623289699, 0.11259057878452947
-0.0776873205544471, 0.6611459400524088
-0.42962465293334, -0.04666972538165199
0.007248516105042524, 0.6230703209752503
-0.30353264770832533, 0.5899552726581637
-0.24848415023765327, -0.34261663399086656
0.42553814356608166, 0.07599408634540161
0.10454671583899731, 0.6768716569489415
-0.551488383292004, -0.47109401511745547
0.005825760350534265, 0.1410812603857099
0.10354238992146728, -0.536971505789866
1.0615928623185968, -0.033316848849356866
0.17823446574379254, 0.8046497026354892
-0.06889107383635049, 0.32219658809864027
-0.36179705271483875, -0.00045300168076419645
0.4418471893832609, 0.21956833854861377
0.27407972044498236, -0.7810951938573676
0.44737618761301207, 0.05786789579614405
0.099305982444523, 0.4843781987297285
-0.5402464004620161, 0.09450801810410989
-0.31971214546291427, -0.40366920462701666
0.24799475294592524, -0.022795599714150273
0.0016955250637901015, 0.16164550611005846
0.10630259767053625, -0.2299678048120764
-0.021436389813974808, 0.1655402046814139
0.12556742408612917, 0.8332311508635518
0.6834439655893654, 0.6864171162633892
-0.37228140787359143, 0.07215556410223599
0.09315001750805718, 0.04057497427011424
0.06483763809061006, -0.3924475406330847
-0.5066679250775236, 0.1495911131957889
0.78452301522121, 0.39058352484343767
-0.6788266846145609, -0.48610381766326916
-0.793400714568379, -0.3419579003960643
0.010660706386679127, -0.403289475690528
0.6145191481081884, -0.35729361094889966
0.6793683364807073, 0.5263430579494879
0.5796314204480443, 0.25346287490772346
0.014683472708742928, 0.16642801221057352
-0.8823586265030375, -0.46473570227355754
0.4574663038469279, 0.21745431966259735
0.02890341049268975, -0.7637076025174625
-0.5645154127795534, 0.15706216054634622
0.45329896436726114, 0.11229189809534419
0.07808305588422115, -0.1517392494149242
0.08017094486451537, -0.09165910242713872
0.06558186161071641, 0.6373918141981775
0.4752140943339039, 0.1999398704172982
-0.3318836791053266, -0.07011344302624553
-0.39054798110708105, -0.4447911871373025
-0.25968747243556384, 0.40716425996011013
0.5217354698772976, -0.2198778994846026
0.5739552175487411, -0.27760808291648464
0.0002726347992505688, -0.4773086288489074
0.20219291637442213, 0.8353758826761293
-0.3691804144579759, -0.37835150115379296
0.2947036054234521, 0.046082836427321236
-0.06603884784350922, 0.8052790357089127
-0.050601381917057923, 0.5948069167403383
0.5196269080952332, 0.15305417286359277
-0.16222588815010372, 0.9908261258258712
0.2714710164080707, 0.03815872405939003
0.5174593181412411, 0.0445246819663462
0.10383102732617265, -0.22049208720096666
0.41907286697936036, 0.10451353109312798
0.5125456810772241, 0.26493612157164004
-0.4248409259111499, -0.07352107554133085
0.7328496872812102, -0.369876792984947
0.10041597225492677, -0.10202599735370088
0.684035325437986, -0.8065389481260622
0.08313485081325428, 0.4615247891011026
-0.3670671544374513, -0.4380145617522222
0.11047277936635573, -0.2926143586157998
0.04292135101061452, -0.29449579037696577
0.1207655410843327, 0.6563812408660851
0.05026726967141, 0.1605353482969001
-0.7492987881636026, -0.5577992094868394
1.167957470026244, 0.4026126386792595
0.5403824696049245, -0.283955444845753
0.03647996183967467, 0.583437917843555
0.015029252729541724, 0.4072630259683873
-0.02783781757532262, 0.6484096005047884
0.045869247071194094, -0.7428575029904224
-0.00027184785702687907, 0.16988105823838873
0.2455056680504613, 0.7336500076983934
0.020549050306259312, -0.20971587346946774
0.486038126179043, -0.19368898852905383
0.42496797985509066, 0.08183178638746458
-0.43828658671714615, -0.49228953641144046
0.08476030219272433, -0.04268054939379506
0.7347210630881837, -0.438047305644899
0.9666560503816097, -0.3596607867901543
0.06903210385604795, -0.2046895927208176
-0.5849122626538722, -0.38048267389878115
0.790787583557346, -0.2575210970625404
0.5400393615521288, 0.924847960983573
0.05402037504592512, 0.09506979552738733
-0.10141960872675196, 0.12698095990615613
0.7708305126357654, -0.3574712495453993
0.3703419935387748, -0.007674733030037217
0.5384207950248779, -0.5050509856124696
-0.468507713551712, 0.10088179565975286
-0.4322213691047187, 1.844842206176916e-05
-0.39017972781929294, 0.6513520901981089
0.05095984622331318, -0.4668511589577567
-0.3201949596700566, 0.06640683419287927
-0.22631613091462438, 0.6080575292776953
0.5663445028161113, 0.21004323058942917
0.0692487126682265, -0.7337055154884886
-0.2746417449970028, -0.833406006562055
0.001141525404212471, 0.4233676538670241
0.6144627832469427, 0.4056260627069921
-1.0314405978774996, -0.41687091015093314
0.1326194485459223, -0.5584100625113863
0.13191591636421324, -0.45410368993383526
0.08106471457362316, -0.09862935623287825
-0.30014133021307016, -0.7639457223218397
-0.42409419087411127, -0.0375608565721527
0.09482237125321506, -0.17780265726715141
-0.02911733050089875, 0.5842064146654956
0.16354271151091862, -0.7506851362387573
-0.13411408515807968, 0.5473830535410216
0.012244925809461819, 0.3903240791842533
0.25285584048756327, -0.9282727526478307
0.5441396684879432, 0.3244388132602647
0.09166044787975554, 0.5372468315928159
0.11206006505188557, 0.5139497663593628
0.0865650921884466, -0.4574069741426637
-0.28757247255007173, -1.046270524042897
0.665445356023994, 0.3202587249243543
0.030964141212782598, 0.19229503309465704
0.5627017415397759, 0.19375737295552384
0.4121032543688668, 0.05228765124423339
0.13340470768276563, -0.013054380308515644
0.12526129051698515, -0.2967983409554912
-0.12370286364537467, 0.3988706472969446
0.5442745468383741, -0.327733178966541
-0.458133513919631, 0.12198474881313034
-0.3598991093533494, 0.07286781779418368
-0.3732429945515655, -0.4015911004056145
0.07880765885280604, -0.3826987838776178
0.08868918286424735, -0.25411204863448156
0.5157360192618791, -0.2566188741385449
0.09413124588140787, -0.22738006019285567
-0.061854357990164074, 0.3895649532401401
-0.7626022037778258, 0.4805053168177826
0.09737082573295334, -0.25626144763477315
0.10630856853667517, -0.18379806267443383
0.06536225187439042, -0.27945647070022805
0.5871938368006869, 0.506573676393073
-0.3779785996631621, 0.00451068969460846
0.0421259597088776, 0.10555601484746059
0.601147150026939, -0.4283516788820449
-0.8827343945170617, -0.7902081037295474
-1.0430509795761598, -0.7134234745807401
0.5079231818874873, 0.23215234135729712
0.09831099327274252, -0.018742280145473127
0.7344652773206887, 0.13509078099638525
0.05294547558762187, -0.6175671574550895
0.12843106348737973, -0.2099053228930115
-0.8741091122987658, -0.4140699829550476
-0.41985685258679234, 0.08657125145914425
0.5034894886139096, 0.1690385977046425
-0.37013715540781084, -0.03593220428318587
0.4619357651305248, 0.13232399548401527
0.03480246205459572, 0.32040704756819416
-0.5963339520207538, 0.11190174700694631
-0.9523265728715379, -0.6304800026985946
-0.8559379136124644, -0.7627183699647346
-0.2840077117338137, -0.0954814409531715
0.018510022504879535, 0.11157174026741462
-0.638569063836697, 0.06317200913692954
-0.29027061875091414, -0.33654956518402035
-0.3993692009062919, -1.0510762071137563
-0.3908987595928416, -0.43764101040204223
-0.4224102405380146, 0.0594502536405994
-0.16484841047431958, 0.901161931100736
0.19332482161524697, -0.7141471529263699
0.5405059081596869, 0.18114146340535908
-0.7595999082359814, -0.5580421670468971
0.15772169490891091, -0.6806145700811522
-0.39205093135591224, -0.008870548378475816
-0.06737541838544862, 0.09541574082020587
-0.39508985444276995, -0.04963418779248557
0.2768650169629001, -0.8926852003273039
0.055916191928967504, 0.3725394425489996
-0.12907938509657213, 0.47316455663885365
-0.2451982569772411, 0.27894591414505654
-0.9183641815674247, 0.14671209908034674
0.6278944924759007, -0.3896358912336213
0.06033172018404971, -0.29229268816305987
0.6262351886672647, -0.45553322000810903
0.7762419341045368, -0.5812084391496044
-0.0241653778865084, -0.37943395253487255
0.5524382037420857, -0.732617957022117
0.5244188049022752, 0.09120298556505593
-0.9034905398997874, 0.10359875121980898
0.743017956914972, -0.32255777804831465
-0.6727569502630917, 0.08719437968648426
0.5682933830404464, 0.5100148115889998
0.5695088567083817, 0.4460056646862142
-0.0910115949980101, -0.2348282818740571
-0.20230414339212377, 0.33944305776985245
0.36498602645451206, -0.2518475649577387
0.6459975687225933, -0.3642032546780787
0.35770440739708514, 0.1010763347710877
0.6435265592170176, -0.5150251048707262
0.03540876579815503, -0.46224428711278176
-0.2435963820033571, 0.3889953595088193
0.6190088408991242, 0.16896729517018244
-0.37162262135095475, -0.4353125907562448
-0.27808021356008394, 0.5379248869301774
-0.1834376823702201, -0.06927206230458631
0.5679091192443835, 0.11407277663828785
-0.029651100628213172, 0.6433367278981593
0.5101654212664585, 0.211408321327616
0.34063854048555536, 0.08217260332769437
-0.32536078530254675, -0.3558724883306088
-0.268065956998013, -0.38610076313934694
-0.270103030665987, 0.4442816915208149
-1.18398904756968, -0.38255564543026405
-0.6081930926435772, -0.3419120961147441
-0.7155820301175309, -0.4704272846533075
0.08631331294747206, -0.26302938325248426
-0.22046994122740302, 0.7771368152266535
-0.3952237763165957, 0.018269275073581386
0.011972641901698795, -0.8247875098558304
-0.3777363502771095, 0.6217182552706061
0.05154734961809864, -0.33541682126774647
0.000628071293542074, 0.04562674813976923
-0.2279677260496456, 0.9111053642045632
-0.052558682566498774, -0.2685296724694325
-0.4227316835008115, 0.04274953079839628
0.47706020544339334, 0.22625687418844173
0.5155533961743557, 0.4331736641849769
-0.8792256138534417, 0.1763104846870552
0.048475802618150696, -0.5146482854168358
-0.2723123792839823, 0.386455413294593
-0.3821230557443435, -0.8798302769339521
-0.315773607653477, -0.9462560533087524
0.4842656726554242, 0.048431105860319346
-0.34187885885658736, -0.4259531521347656
0.7220509243286918, -0.5338891678494684
-0.3904567882344317, -0.4391650818036178
-0.03472827266747856, -0.44849092883419983
-0.44775565151157826, 0.012821413150361284
-0.3582351861770986, -0.4387252879238145
0.4897027633374865, 0.09861996766648258
-0.042501256215522226, -0.24884666268575328
-0.37530178688440774, 0.04485373402653808
-0.41735313066045127, 0.5383761827602883
0.07694145681669533, 0.5912048458000916
-1.1241695815857364, -0.36723736098719945
-0.08009768476734183, 0.07427728565108772
0.007029835442620742, -0.651207523992616
0.8730548395910596, 0.28882207154146133
-0.06664292883610048, -0.6594950380472197
-0.4015531741904518, 0.5442424830428586
0.30825026630880026, -0.002667099755720252
0.5388097634823991, 0.1496827093312244
-0.37524734344713007, -0.42025639852025004
-1.0769292467433356, -0.791572562163395
-0.37371420530321253, -0.3826798968183682
0.004284765966176507, 0.11866917691334633
-0.8892039472218418, 0.6384815522323936
-0.028816682517800358, -0.2516360357467406
-0.18838743155070053, 0.08320337359666038
-0.9116887892492761, 0.613793716604224
-0.3726181371903559, 0.5142138660499306
-0.1615558963919312, 0.3285157106341186
0.008730258386337633, 0.6200293382561666
-0.21269018252603755, 0.3410686891051664
0.6163616583706617, 0.4730874082614482
0.30493164778847576, -0.015691868796327817
-0.0703960652684955, 0.505098591364935
-0.4117799555046071, 0.07196842297886123
0.3092393900455411, 0.08325087551139297
0.6361767414859494, -0.418077976546939
-0.3160095379324353, 0.5284978793946983
0.589754249309695, 0.43283641665455747
-0.7358234705200838, -0.40557638159882425
0.22705910522186878, -0.15279653684728864
0.6001068685523864, 0.45646109070700763
-0.42315931069560814, -0.012410069982755076
-0.40934860657114797, -0.9339463424771585
-0.16360786007811443, 0.773606062208153
0.318293789171358, 0.18397165079304773
-0.026265434357881458, 0.6562247440646393
-0.4064758508124759, 0.08634019193605118
-0.06353992631101522, -0.2010770691661314
-0.4172200843317585, -0.8082567299707526
0.06895021709180472, -0.1885407678473267
0.6282346194203707, -0.3410866926907874
-0.7398474732633767, -0.3934687729329888
0.5135142015096339, 0.2603168380899226
-0.051583533984445325, -0.23099388793146453
0.10144413320100866, -0.2106546674351855
0.03783261568032263, -0.6188067295266264
-0.31720070183661764, 0.033670082444592755
0.040327177298779986, 0.602933702771277
-0.21743924523403316, 0.4204657730490325
-0.5091759151833749, 0.04770438502807664
-0.4354391175733007, -0.4674188709533713
0.6352460028738505, -0.2939187976998239
0.48765417620544865, -0.4756235509913935
0.5439510912993464, -0.34595550658313234
-0.7113650257165878, 0.33840279835283654
-0.09444462273639172, 0.09570397979492554
-0.47753522357009087, 0.0012508129441674881
0.24395607286725277, -0.8789231960709558
-0.1009053461977187, 0.38774156608263
0.4173717266591074, 0.229311237922098
0.3757145333801463, 0.073224732848121
0.30455990409613665, -0.04094949630901093
0.6818026613637463, -0.49789138795307797
0.4874067321050485, -0.40445978408930927
0.14569700777714045, -0.8003846427799801
0.27848157448402894, 0.11398566327204294
-0.11470414570270362, -0.06311508928402872
-0.4931647733530186, -0.40171023703412817
0.00543936873063182, 0.6902944605168343
0.49457025995772586, -0.3729537663531721
-0.16139177642958605, 0.06631774509225741
-0.36434274418310436, 0.4672426358233882
-0.8083329065155058, 0.09304546635159064
-0.2669857361319505, 0.3870534407461782
0.1160969280827339, -0.5898649823252359
0.37578181029202495, 0.16029595736071423
-0.4500035936083406, 0.6164351988923162
0.01001219212125969, 0.48936140844890824
-0.33436101417966146, -0.3900431841025797
0.6216246520207709, -0.28155489901967223
-0.05258278725304496, -0.06457449946763176
0.36267517291520496, 0.10826975602881565
-0.23197325047961073, -0.36077358014737027
0.47417781338028636, 0.16916584492305733
0.532737002238689, 0.21095800663902897
-0.2004634004321205, 0.3459679311456523
-0.6381885420310518, -0.3181354702579193
0.3646706959450435, 0.23709863917727036
-0.025155193417219963, -0.1297693640270613
0.41305612064259, 0.14147744868128534
-0.46792249210913156, -0.6387073037190792
0.41750927282641626, 0.15996467678602427
0.04433872222955592, -0.19666048538844316
0.008276789358682507, -0.3837988912421829
-0.36035392601872845, 0.12762976975359855
-0.4062103662373946, 0.06804387609313618
0.6462748088963214, 0.20969998672304874
0.30607838793069997, 0.021979111040525343
0.10851163808453083, -0.596104521407001
0.32661270877621884, 0.05313742134485237
-0.2678067734492675, 0.4321790232187144
0.5348890335554177, 0.4064000337648206
0.017377809230347003, -0.22065421478182062
1.1254080794405048, 0.3690058990309167
-0.31643827956097437, 0.4885499919401398
-0.0878619124713206, 0.35706567240958
0.7255645347821429, -0.500132707868844
0.5739798602873345, -0.25509967081077245
0.0035138854744890167, 0.04881303457804526
-0.4346356612118279, 0.06568544753459012
0.024455833745177184, -0.6515366861751417
-0.24014986165923746, -0.03676891259137429
0.21386063889608994, -0.7310384717332176
-0.2450692619015757, 0.5458071478477157
-0.302856889517908, -0.0019066990058743375
-0.22302186918370231, 0.014260517582035793
0.6849126732734168, -0.4281129718494274
0.6579017255216214, -0.43494012330153586
0.020623040279526796, -0.1741328491625826
-0.25074944254339115, 0.21495600950928348
-0.7249644186216516, 0.11752380374403198
0.058372470682132895, -0.0712755704489107
0.37897981754887294, 0.032734823184033944
0.5846149671892585, -0.3750683503047545
0.4407236021648949, 0.16695592538824974
0.5306620971526168, 0.34235904440220155
-0.03069097334055339, 0.06379342258621744
0.13171874066273795, -0.7204861232218014
-0.8773386416461694, 0.6333321399637246
-0.09428801358247904, 0.4379951668093499
-0.38095971207182217, -0.007609650550885821
-0.4571191147174482, 0.06808480595501164
0.5634825649248582, -0.36468604465603455
0.3495040959035213, 0.0370138719576169
-0.3440849405156384, 0.09847506896076531
0.587236732910712, 0.5302119712664303
0.03656869645151825, -0.3821638760450837
-0.15774846465197118, 0.678925999671459
-0.08648797457278512, 0.10539131656839229
-0.1651522619329454, 0.8026889394856805
-0.21763294790929658, 0.29384115185517556
0.35432773860938827, 0.1663191307098475
-0.9349074311915323, 0.096083187493549
-1.0164540286275037, -0.5313517078594904
-0.055056713797656615, 0.07787184227987226
0.5650450618016136, 0.43585825840773035
-0.38038243657527326, -0.3259501873609887
0.4754475932892084, 0.1344672617683979
-0.06466401788524087, 0.05040048028313311
-0.3961869880575808, -0.46067407083754275
0.6641814931436226, 0.14973307865805605
-0.8432864216086136, -0.38699030584503136
0.5181595325022685, 0.4629611224009517
-0.4222866456970313, 0.7729590601152595
-0.4623784521242215, 0.056626846086278784
-0.2986332417852735, 0.3036528082918728
0.498727783693803, -0.30403434883564096
0.20103293980286652, -0.746455777067359
0.028812558160096726, -0.7831551672757548
0.08882617455959861, -0.5655834504638534
1.1453734585047415, -0.097379057674372
-0.36629362161755813, -0.11351582649488771
-0.47167091368702424, 0.05790016593626958
-0.8106931257411294, -0.38042933463718015
-0.8808706140694733, -0.533712831716081
0.09731334998582121, 0.730502710134536
-0.3123522094169996, 0.5645637747110732
-0.2748894932993079, 0.3685009192591587
-0.5589663960512417, 0.1056492956217192
-0.004300264423024542, -0.3891746041784235
-0.3962443845574245, 0.07044696265565334
-0.2980069006340388, -0.024108488979456916
-1.0024519756263275, 0.14359745382959768
-0.4550219421166938, 0.030599927933520364
0.045470386443849556, -0.20875629350004576
0.03589364500141702, -0.15197720710681184
0.6266679479223012, 0.19227881083548232
0.5785541596652611, -0.3671673758812742
0.03769055633561518, 0.504631691789371
-0.14832407355458688, 0.3360657741063637
-0.11261557012571559, 0.5647861507950289
0.39942711272432346, -0.18997435987518532
-0.038026214837791866, 0.49295152622938054
0.0994163632338587, -0.2672257304205241
-0.12904948770709668, 0.07112649677009242
0.1954889391938844, -0.8292660659177329
0.050858531306565036, -0.2211236418997654
-0.607745750626086, 0.14984177246686647
-0.7480390858632917, 0.14579445860865803
-0.03200727164770278, -0.37351398189957064
0.395188063547146, 0.2761806890817623
0.01693432489445277, -0.24319008827064664
-0.05745602014728785, -0.3250786153402772
-0.44573797098148227, 0.045472505317019275
0.5663544549229932, 0.06288393592074469
-0.4057353043912733, 0.5547861216827912
-0.2578098598228188, -0.364857615265267
-0.4326647932051371, 0.621410693673157
0.015445405246745264, -0.7704229712840335
0.440427866470449, 0.1363046524679734
-0.11929840563251472, 0.5529698676704815
-0.04001897929673844, -0.45040598059056924
0.5037153913718371, -0.3136082581038992
-0.07575647493731108, 0.20207809810109897
-0.4311903855328693, -0.8956194829538912
-0.3482495428165674, 0.5071111123073835
-0.23537454399214341, 0.9268172039706445
-0.04004556696574623, 0.22365670662856496
-0.09137975694835758, 0.03050289084157381
-0.13631745056192282, 0.7554773527427529
0.7578947932770234, -0.5972313744294981
-0.04120075672510726, 0.15737761607769563
-0.05846962796347809, 0.17151947563112035
0.5793007343975273, -0.3627164655905771
0.4783866788363357, 0.19642446409595865
-0.35250934611324003, -0.3566981013085594
-0.41266032391318197, 0.08445519273634013
0.5997027830436686, -0.3469724066209842
0.03820975973997174, -0.4586811779145568
-0.0400239629988084, -0.3369746536551499
0.021354370118415948, -0.7166945688793039
0.4827117082839866, 0.15251989034184582
-0.012778901315949614, -0.33197850255134703
-0.29647811895357407, 0.3723725128281325
-0.2321760735097916, 0.14551039756390316
0.5057291229090722, 0.18410958940273017
0.01723316578245146, -0.27619153644641947
0.6765380237633026, 0.4771435470778666
-0.3998784771128247, 0.04099480493042917
-0.0524555314011392, -0.18882652394515195
0.02049923684070985, 0.5884482305338472
0.06823487990738071, 0.6514218716280528
-0.015073126625562558, -0.33849848091879203
-0.034829970344308805, -0.3068100702726008
-0.7341053626048293, 0.10595680335784438
-0.3586938572398028, -1.0260008374883338
-0.5726175608484647, 0.07863274034487815
-0.02730143681034668, -0.042302949430436956
-0.351405857669852, -0.8162141493532481
0.04630273338934706, -0.8520992963872766
0.5355699278343052, -0.4278888234671439
-0.8536328303813799, 0.5587983231895002
-0.014056486462828087, 0.5315821737687143
-0.04507362516958554, -0.07513558944715962
0.1494472071566215, 0.659546502780529
0.5793724593007143, -0.35212235892305727
0.02753858096865455, -0.42586705732292374
-0.033447990236783985, 0.7563204597011647
-0.4454330427514574, 0.019034294009384733
0.3477656780888664, 0.10535731709528304
-0.20519960943703885, 0.9012354635247232
0.03921875311376538, -0.4050687380866602
-0.13820872629280034, 0.48411408476746287
0.48712038966515514, 0.2569137955727435
0.5116503631696169, 0.43802130613391066
0.5282582374492109, 0.39976572888855005
-0.07217772997747618, 0.156700792779892
-0.012883340313542912, -0.26647250824564833
0.5463903511723028, 0.31929593097461534
-0.047142457512421056, -0.3473328768054868
-0.3849179648282912, -0.4981645199884226
-0.4067512380249807, -0.4757095435738188
0.11947017667642708, 0.8694769130177661
-0.23651874829277017, 0.3768663707099191
-0.22136828557568364, 0.350105647709639
0.5291568586635186, 0.2468438719477625
0.0617078593546985, -0.30382248689738706
0.12448156249048857, 0.622825915973303
0.7145755690274413, -0.4430719280056289
-0.727444343653129, 0.4174909347063153
0.6506849071824136, -0.48750686553632216
0.025901856566866447, 0.7162284028308639
0.0028633452108844243, -0.4420436178096512
0.06694036500379426, 0.624366294096086
0.4560499863233241, 0.31874786840217395
-0.08403786972875096, 0.22444216616841364
-0.33305522257736425, -0.7177030887982928
0.4840075764361758, 0.8545850018886009
0.05152879316120563, -0.22872891446963547
-0.8370449509699491, 0.1641427769605005
0.12023812649020178, -0.49848294112904457
-0.8863641377351825, -0.8231986774372853
-0.8550588221774835, 0.5957468320924835
0.5060110436501867, -0.2420364516496278
-0.31044001176798736, 0.4571062645432068
-0.6393274776918472, 0.13927882209744372
-0.217956618395953, 0.8263475526566794
0.5328337082815521, -0.21451741823460746
-0.9143241270516002, 0.6106771731626291
-0.017616546645222116, 0.35782405718765065
0.04286426915206255, 0.6027404326838729
-0.2948195304376499, 0.5190563315967356
-0.1587610537304173, 0.49747432683067505
0.579785423647724, -0.30493409880247374
-0.757296147459275, -0.29102330843806823
-0.007292037545617002, -0.24611943492284283
0.033570992503132425, -0.3943823249087258
0.023421253160301424, -0.4305158801665273
-0.12427876890891863, 0.19333745559823207
-0.09643285322161851, 0.5068721200403495
0.029083561622004882, -0.2909159627365019
-0.4002483696294553, -0.31714073425297906
-0.4305457164192838, 0.7903991720143576
-0.010029586020888371, 0.1722450862308054
-0.45323821490858107, 0.034435708864826435
0.5414011081283197, -0.29808150944034134
0.00686023065260443, 0.6069063391046738
-0.11759026681525628, 0.09845737582935246
0.5939379584910236, 0.3694029744440792
-0.9480542442637445, -0.34215700685140266
0.04754721514349811, 0.07070482567852382
-0.5708756221964517, 0.18222459435663765
-0.3954983522810939, -0.9466173954524714
0.3436998112468993, 0.10166681174784148
0.005504573416692002, -0.20404313540815353
-0.1439620405236375, 0.4320572483667854
-0.840526662604551, -0.4199497848174603
-0.08468257705447453, 0.641759808809817
0.010150648475409025, -0.2753651066961176
-0.27681366563000037, -0.7740770406027047
-0.18582492629951142, 0.49814078084717406
1.0277246378801506, 0.36493936798345317
-0.34743927720405166, -0.3917800769745371
-0.4147356223059116, 0.013377574715033003
0.020363811719936863, 0.6179983321166711
-0.013116187946055567, -0.23944883466636124
-0.8527408733122048, 0.5347165816712188
0.3564150018690132, 0.10291090908981977
0.00362896969492947, -0.24671231826008713
0.6822325157703024, 0.1393143960660328
0.9621138428136417, 0.3165193967955059
-0.5594113279662426, -0.2954017963736695
0.07257716536905758, -0.24693928195238757
-0.07542150397490134, 0.10273617779713069
-0.060882007735747604, -0.3716568604161787
-0.7294330260505564, -0.5837486391254482
-0.11386661387206685, -0.24260318792308924
-0.2580781183320328, -0.2795490562077452
-0.26685602870021863, -0.0351008298143701
-0.05250756663379309, -0.220186153412005
0.7434814691060381, -0.5799631644621265
0.4198886944789814, 0.2849709171483865
0.03409682342471132, -0.6557900487455812
0.3708932978702998, 0.11704425378334389
-0.2628180746520656, 0.3578825177722063
0.5747046172134601, -0.597411149555952
0.04951884710178283, -0.22199185738662408
0.07141660540669302, 0.8171701267946027
-0.04850250744477031, 0.7432736564696943
-0.2014187522234707, 0.23845739157079912
-0.45214474999624327, -0.04921729076291589
0.5026663001156925, 0.3712512999720769
0.42780465941659956, 0.22087877377632764
-1.1042190655181001, -0.6481997524037394
-0.7309171063007095, -0.5152322607569823
-0.3469804585811917, 0.549455066647627
-0.06004930679254246, 0.4659994348586807
-0.08484516632223976, 0.14812244504802702
-0.06977630130793341, -0.48979850584122475
0.5511760511873605, 0.4232650051246594
0.5140860920926601, 0.1499441554396508
0.5083695641329767, 0.2787653098663637
0.04706120942128951, -0.18141607941078952
-0.40658714583113736, -0.4176766594437894
1.0366271033914933, 0.38005478466681203
1.055080550440605, 0.39206394577814013
0.3314199797495331, 0.07750355397305599
0.5019105918142941, -0.32297796380674154
-0.8319568272866936, -0.44100503706626154
0.6340097912937805, 0.2897759165832361
0.6435453991400318, -0.38655163718831775
-0.02474389722922704, -0.28154579543173697
-0.32741560464046243, 0.5033718669560163
-0.04717790260658288, 0.49338055161391275
0.5947322453897286, -0.6494431149351565
-1.040181278591219, -0.7719369470350312
0.5880454423748323, -0.2635691721121531
-0.39564623073489225, -0.022108115879679327
-0.3509977312392793, -0.931073004352678
-0.3404909574836264, 0.559115678132174
0.01702497252846403, -0.2201050903084479
0.19515169358022513, -0.7791684235293478
0.7030944971801973, 0.300044010354084
-0.8506196025489321, -0.37125122894366736
0.628887689330462, -0.28891602227870233
-0.41777899714337785, -0.46275823868020116
-0.1437725162351247, 0.3366858657400968
-0.27065242573837944, 0.5733727490199277
-0.022245075071367037, 0.551677920559866
-0.43308313370967216, 0.6892519655738298
0.5029463388391362, -0.5152401124621645
0.03278800214513835, 0.5968361062776243
-0.7545968609018056, -0.38717219263488983
0.045310658451968695, 0.12185354772470797
0.04289075711285456, -0.6942215259759913
-0.7230272749705988, 0.110430519547811
0.040818322079433284, 0.6440619835245394
0.3926638852214, 0.06370957951810823
-0.33820509239486396, 0.030070382288779514
0.006826933260788798, 0.7125019954543798
-0.393287948487675, -0.8937971924060403
-0.6775562293291589, -0.28476218592203
-0.3070842152411304, 0.5351469812701385
-0.14791301140330534, 0.1018616496622014
0.018062112900212868, -0.1474246072701354
0.5531088266008223, -0.2832206483072387
-0.815434173116756, 0.20485687248273324
0.6960451811233919, -0.5079708157431453
0.024748028447138883, -0.14612184808485432
-0.006299239891182488, 0.11354521465147724
0.0019890634354343133, -0.18270722619485355
-0.39980842473253153, -0.008989499022475908
0.13225718649125853, 0.7023691595583702
0.07703030603308078, -0.557562950591604
0.2987398801665756, -0.02144600300277425
-0.9179413245519696, -0.5347321588529464
0.577669195488808, -0.35422129600826296
-0.050554030695408377, 0.21376370402040404
0.05378568204034973, -0.33831583129032583
-0.05616181905238451, 0.2036228889927502
-0.14435166462247892, 0.11998411373422264
0.013598181862899138, -0.06470778121662804
0.08724561036811988, -0.6988309758092858
0.6640281619660989, -0.44625407697559777
1.1301513786035526, -0.06254165420145257
0.5217117633763135, -0.39865531106461544
0.5116714566541163, -0.30803575294302254
-0.8370816926463883, 0.1461184125203216
-0.04314491031587892, 0.6017407168899409
-0.015276327111401363, 0.21165366699273191

(('euclidean', 2, 0.07, 300, 7), 327.61076218194455)