1.186509055781745, -0.6381469929144576, 0.02391975932829593
1.076931456315775, -0.25709593320713975, -0.3060768575550366
1.0970647880468576, -0.4498184081209232, 0.03485037858983793
1.0326132764200924, -0.12070655923625652, 0.22742054699692865
1.0018278805461853, -0.018438688651613182, 0.057611778313732744
1.1780839793523072, -0.3827126700468351, -0.4913378416041145
1.2904824017283814, 0.04681039891906997, 0.8143424437690134
1.6554139597524846, -0.18180677280618446, -1.3066528519485199
1.0347031730354987, -0.1341041900900855, 0.22940514922296593
1.448526038051782, 0.8817483739272638, -0.5663457318552142
1.5413021294357172, 0.9605037471364475, -0.6730860316036278
1.2392681578286415, 0.7274873934002779, 0.0809176090332881
1.544631267992107, 0.9555891667729081, -0.6875573419033235
1.0555760019153966, 0.3333989724196362, -0.05555016659942869
1.2347221162236182, 0.7218504213029965, 0.05891242276817778
1.4640580181572618, -0.8975313479777036, 0.581294555219551
1.4169879455037604, -1.0035209629618316, -0.028293366698330928
1.4027016821644092, 0.4697160657468049, 0.8642562274731992
1.3004135538513086, 0.1214140678381648, -0.8223953034710133
1.1910461170739934, 0.5120683606483272, -0.3954451251690579
1.0113079132329237, 0.12942656549198392, 0.0774109779842625
1.0310510738659984, 0.11896116817267545, -0.22116635681590702
1.038862615894811, 0.28148209296054655, -0.0018346788165872854
1.1823426648518653, 0.06665755949219836, 0.6272885674803539
1.311188411668104, 0.8455150452054325, 0.06572183217151707
1.075672731152608, 0.2777184908768255, 0.28274416770361427
1.1192564429840393, -0.34491703325813405, -0.3657420201859384
1.2854963777503594, 0.4543932387039327, 0.6678530690424694
1.3414819239040001, 0.871844945665367, 0.19864577236611652
1.1709938538534646, -0.39861964628788177, -0.46079169193455866
1.2071670999649746, 0.674474080867352, 0.04834378425389832
1.3740429022253509, 0.4530912349932096, 0.8262579681480798
1.0392269846245352, -0.13350289627584752, 0.24933852942889564
1.3086443334441409, -0.649596418208121, -0.539049612657907
1.1617478665886178, -0.45663679443210026, -0.375687294826403
1.1839596948084044, -0.6338153754567878, -0.006215204371625694
1.1740847675631862, -0.3503879009928906, -0.5056711977774662
1.1544251344723238, -0.3098539018828828, -0.4865058587410801
1.2153479435064054, -0.3752040055994582, -0.5799073874054117
1.0501313165499726, 0.30754507273365406, -0.0905086196791779
1.0738141788172078, -0.2351536141673511, -0.3126974070453847
1.3326338914237967, 0.46208339443835506, 0.7499280133157176
1.2808319117738063, -0.7816392885669251, -0.1719604861203143
1.0969384722210065, 0.2934509916525946, 0.3422872000771642
1.1267835431948015, 0.46165397574228606, 0.23773253857217747
1.1985804358553875, 0.4751856832152263, -0.4591226717148363
1.047950206385512, 0.21965934551761085, 0.22349363970863162
1.0153488624379983, 0.129231068487002, 0.1193006428811052
1.287788845228139, 0.8111382288617258, -0.02132799974414041
1.1116899458019813, 0.29345819635973625, -0.38695842488115273
1.1973432280213592, -0.3405156337478295, -0.563631004170213
1.4454110554718886, 0.8566777444831168, 0.5960841898487822
1.1653118164121268, -0.3737515477111217, -0.4671845567367052
1.0249395012079499, -0.1412186972247022, 0.17480921225884835
1.2267175266476138, -0.7101716526385818, -0.022183642014427938
1.5454340070546189, -1.0936668517352715, 0.4384735882312128
1.0851966306653984, -0.42094679942527746, -0.021342897206050312
1.0002704619588267, -0.0058231846783229355, -0.022518605363716058
1.0357663225853508, 0.1210587426540415, -0.24115691121965344
1.009558124640228, 0.0867185233267581, -0.10810876347050191
1.157737504086725, -0.5818535380019539, 0.04245690383869893
1.0534796468540781, -0.22081311359568603, 0.24710510961931118
1.2035417513910145, -0.6696264408057397, -0.010638473348535116
1.0033657225393662, 0.07568507839359885, 0.031851877111080534
1.0830517280372862, 0.31484142085664807, 0.27180126069891325
1.1340698785484482, -0.2923271011204587, 0.4479501706455769
1.5605570255839678, 0.622372316751823, 1.0237142811548783
1.077745564440213, 0.36941086212219826, -0.15833861378920694
1.270727045375744, 0.2103466567521929, -0.7553155021860357
1.1283287829139206, 0.5224687085564749, -0.012340621189335089
1.0139235275467973, -0.004750593560483324, -0.1673868321396996
1.163842006662742, 0.5946973250285765, 0.02938210470020314
1.2489674672623579, 0.19484006431598333, -0.7224659740202943
1.225883027527871, -0.7078298343306371, 0.042025263977298666
1.174038143217091, 0.6103934513210207, 0.07606179272832922
1.2692914525771088, 0.11585844617540762, -0.7730961208253001
1.0001848214973716, -0.0012116774655258834, -0.019188772536273553
1.81755251820997, -1.0832684205648941, 1.0630271329830878
1.157673146983134, 0.539095193047262, 0.2226735010708918
1.0372849731809726, -0.21226233967827912, -0.17579765283232235
1.3600380990726246, -0.7297342291001092, -0.5631976436463029
1.087450942797311, -0.02099579068457446, 0.4267419943763323
1.0439924437483772, -0.24836799308266413, -0.16802845775581576
1.2252922874039722, -0.7080244655113672, 0.006522714848986345
1.2057156942236165, -0.6655000104860084, -0.10421166604684952
1.0170389197714902, 0.02411140751295052, -0.18381187218921433
1.046168369586375, 0.13286512319959012, -0.27715540146309925
1.346064046522167, 0.8937365440320847, 0.11455744061917418
1.3475331219035602, 0.7175064813809107, -0.5486619759046
1.43894748280875, -0.2718911384745362, 0.9983211242384179
1.140126666490874, 0.47166933632998836, 0.27823884130297294
1.1417208375017212, -0.5505776218402548, 0.01976747617579903
1.2972205004098156, 0.8144625494672892, 0.13939792752668884
1.0665239355071094, 0.17193148725670748, -0.32850094170225674
1.3176431946707963, -0.5495166421812687, -0.6589499589711538
1.69802383096974, -1.1447481800687538, 0.7568596532848268
1.0726832158599746, 0.3763504603194958, 0.09491897916117872
1.0937199766318262, -0.30401414648513847, -0.32217818985839997
1.0688131878455465, 0.34528566372006575, -0.15211653737169128
1.1825809885101481, -0.6302029851508723, -0.03663320751133829
1.0286845801094486, -0.12720294723332987, 0.20496676698944938
1.0035341607635064, 0.08064478052152871, 0.0240256361819924
1.0647721180555003, -0.1068892444308592, 0.3497346891765191
1.0877867698803956, 0.3406167447551739, 0.2593458885720255
1.0756135597390108, -0.3930937139583765, -0.04921241653116445
1.155196114162556, 0.1749992103440986, -0.5512289347949823
1.0156513718824713, 0.1623545690712944, 0.07203265307081654
1.0478294824291845, 0.300732885500087, 0.08663922798942868
1.1117137900188427, -0.21867435745704558, 0.43369237520252524
1.077691511408934, 0.37491264110167427, 0.14442820121098157
1.0964892605871526, 0.4166153593887874, 0.1694707671084075
1.0966473158286698, -0.3007276339734644, -0.3349600356444758
1.482237380024192, -0.716459781601595, -0.8268694165878767
1.0590166990578993, 0.3409467005860334, -0.07260658539682718
1.6127581492413305, -0.1439798106661892, -1.2570833950318692
1.0249804731399905, 0.20763119970273097, -0.08645377509561684
1.133182354908101, 0.293690465680642, 0.44480125881494215
1.0955393980906283, 0.41551143638136206, 0.16600246686442244
1.1551310046743217, -0.5775263717447711, 0.028123440387487642
1.2971683719259848, 0.14836805804066686, -0.8127931498716949
1.066057144889546, -0.24662402588365268, 0.2750534966638124
1.003850006118507, -0.07503859919261241, 0.04565132435468852
1.1138410108190837, -0.1176362022656284, 0.4762389329937217
1.0576608679266428, 0.15530277338285656, -0.3074533462542444
1.1868124782074665, 0.6390803269529225, 0.01000970182842581
1.4741491412295982, -0.8010048734204609, -0.7290451860787736
1.079425357844401, 0.36649197040032727, -0.17562100896418623
1.3222593002969871, -0.8649504795185536, 0.01517646870989215
1.164776939442336, -0.5927342273586644, 0.07329020653663404
1.210174528775211, -0.6753901457471391, 0.09149066140302277
1.4633059463555813, 0.23262548231139518, -1.042664700476138
1.0689781643298255, 0.2437514848531963, 0.2886165786052939
1.5831579584978495, -0.9266520778777342, -0.8048012475884688
1.2067715501681784, 0.6743230638801168, 0.039824362074490714
1.3783861249670393, 0.754020269224549, 0.5756750325489105
1.1002861393402283, -0.32361456964596313, -0.3254277166085924
1.0392027926918592, 0.09379844898259258, -0.26672887977686094
1.3048566579376488, -0.4978407759070809, -0.674392659812105
1.3775893277853262, -0.9469598876075727, 0.03192690542912493
1.1052879923275132, 0.11568233282513438, -0.45637609912825133
1.098435578591376, 0.10846322636341525, -0.44135750683794817
1.3137443663542687, -0.4813028660843157, -0.7030446722837763
1.1599048117568478, 0.4689786573074356, 0.35417254456945624
1.2053732432049622, -0.41631451642635425, -0.5287786671634358
1.0383120901459344, 0.1252534660010033, -0.24980705714201604
1.8309980028904798, -1.3983494284243458, 0.6302162824096431
1.1906937230302854, 0.62188714553212, -0.1760906592799116
1.139715165029701, 0.06049480363764027, 0.5434068789880397
1.0139446233619993, 0.15436727772461478, 0.0652260899686495
1.0806087137263043, 0.0714343126183873, -0.40325219300328224
1.0383012382899866, -0.19443084520191586, 0.20066416687736852
1.143142286972364, 0.4367134863264505, 0.34066936922036833
1.1979652844125919, 0.4458177670128196, -0.4861762450731682
1.3076207656049876, 0.12451519107242429, -0.8332874857056068
1.0155193741707707, -0.1511669312143511, 0.09180500108071063
1.0105078718842015, -0.10589368819037691, 0.09956247255556284
1.0169813675064496, 0.16718037095304675, 0.07938403758495893
1.0331379584505642, 0.14114716560983412, -0.21783369535429936
1.0626533512431113, 0.21893312981079524, 0.2851323018871498
1.0616440468180175, 0.3420752232464509, -0.10036246203151614
1.2011653760777967, 0.42464285401224394, 0.5123248063723352
1.1446292526775923, -0.31731117728443453, -0.45770049470765206
1.3352766667442961, 0.716864816987735, -0.5187182384656429
1.3129902146977728, -0.5625257197844394, 0.6383636255874093
1.3797824530634595, 0.15277034566338693, -0.9383287479704044
1.081526786317522, -0.27978994076292635, -0.30235373086863837
1.1487507097438554, 0.13459219043752485, -0.5491021174701848
1.7359596590915025, -0.1875480983419569, -1.4065495543355027
1.2240391527590988, 0.6717144762047091, -0.21695969658958733
1.2665780462753036, -0.5274983490713525, -0.5709338306963099
1.1453188155816063, -0.5566187968828831, -0.04393978017588936
1.2287235765060454, -0.7139172523352358, 0.009153375329065188
1.0120819243773098, -0.10094086901253016, 0.11883081508713846
1.0020908279121872, -0.013278798144428153, -0.0633221991529995
1.2009229901844423, 0.1787070541867759, -0.6405308869503693
1.097678679238173, 0.4008003424890828, 0.21037482813942712
1.1453981312353698, -0.5570338851353871, -0.040621790315711594
1.2831936884066355, 0.8006903267887697, -0.07403406346756139
1.0655181830935314, 0.35898417911855063, 0.08037012906248729
1.0221662812441565, -0.13286846484879233, 0.16483287767078855
1.444790520661835, -0.6272746916561343, -0.8330342788877284
1.1090781178875082, -0.28599148722487244, -0.3850495303357778
1.2064262802905426, -0.6740743450617709, -0.03298707482059497
1.2131095303283252, -0.48373049646530186, 0.4874828605836746
1.133355329701602, -0.5300889576302286, -0.05916080088643611
1.1326848242762926, 0.4445658018922205, 0.2921235336869365
1.5776739167861975, 0.9900266399444888, -0.7133738430218247
1.0094092696969363, 0.13742173107933492, -0.004726687768536357
1.0820643738097129, 0.185654175316645, -0.3693180692244862
1.172405226656039, -0.343829687268591, 0.506275776275323
1.3490656964244794, 0.2592398106161471, -0.8676249038962458
1.0269803444452132, 0.21633196311531885, 0.08882065982349722
1.0041991238270782, 0.01673676512618546, -0.09019845335804015
1.020131361421549, 0.03210764525723948, -0.19909066696311614
1.054030579528144, 0.2463242389275637, 0.22428738684373614
1.1581968242746468, -0.3863303306135992, -0.4383705731545677
1.3449691243017143, 0.44403422611113125, 0.7821608219329378
1.1501396165113067, 0.42371017731563965, 0.37853774330695866
1.1866912294124965, 0.6384701496393358, -0.024329857871899452
1.4011836262401838, 0.09650801079631204, 0.9767301358593018
1.04728666840308, -0.12392960888780692, 0.2853958967044517
1.1027182485916347, -0.2525605817958999, -0.3901290662074776
1.083128211913904, -0.16149931000603646, 0.3835162269205636
1.4031407871869115, 0.494656149882167, 0.8509520327558169
1.2512167359673803, 0.31576313274438905, -0.682522500994886
1.1066104902949074, -0.08562250702210694, 0.4661068155712645
1.112339753558965, -0.4809065768434305, -0.07764400618433175
1.055160268383969, 0.06485883524125098, -0.3303884433016347
1.2756793965742754, -0.7878088656964265, -0.08194579900286332
1.0107472055722018, 0.019579276846345136, -0.14569339549268834
1.0084876106865626, 0.12614530161316473, 0.033684177134311565
1.0305174350633537, -0.2036363521799439, -0.14317269306819444
1.0119174272208167, -0.13423795584046716, 0.07718193263303016
1.3439807325656072, -0.5708630506083638, 0.6931086400829952
1.138372515329873, 0.5191891128857019, 0.1622795388193469
1.213102826703376, -0.4124713319399649, -0.5490772882603983
1.0329699090193876, -0.22014265557960128, -0.13624993260138782
1.63978261445884, 1.0348071464123507, -0.7861686793655653
1.4025436971756602, 0.3879993710992639, -0.9036510999903367
1.1061574755548012, -0.47024745854332467, -0.04951452776019117
1.0679945882219015, 0.12692034270051605, -0.3528507716869163
1.3123144557176216, 0.6832867631785702, -0.5052607544133919
1.4230461090396755, 1.0072215324294203, -0.10278624938915962
1.2667146260869333, -0.5635239207355037, -0.5357300950118866
1.041952272300344, -0.10759862312279793, 0.27218940841614
1.0714773191300522, -0.18454474289916062, 0.33764905342441964
1.1189010626215896, 0.5015775508090229, 0.018961763107480795
1.042142011451815, 0.2683696356009984, 0.11848084537266819
1.6861061811627782, 1.0539480465117241, -0.8556562215103958
1.1758523498709599, -0.618413451819579, -0.013912271764581494
1.1973442636367335, -0.33995263159989686, -0.5639729549651262
1.1601389058341869, 0.5086030531594368, 0.29537301018719314
1.235122929439961, 0.7240467693858653, -0.03584587242964989
1.3221528799074658, -0.8615089386214921, -0.07675015650065851
1.1092654624956961, -0.4797003338878658, -0.018906505590951906
1.0404912214975024, 0.26399803213230166, -0.11369705820133166
1.4329922385944696, 0.5158506424593049, 0.8873358273767107
1.0203079381348357, -0.13226053837247112, 0.1534126416250752
1.1828684488232446, -0.6260590737301007, -0.08501648911662488
1.2705949480281589, 0.7816570592891524, 0.058512935476820654
1.393730283878409, -0.9305487816399134, -0.2767003237950097
1.105947701724346, 0.3724626852652987, 0.29050278317827916
1.0232355855261142, -0.15223125941582533, 0.15439140890490405
1.2455863535915204, 0.7343317825517606, 0.11064446388217423
1.231559132008657, -0.7188370951372819, -0.003335609166443113
1.0906497078859787, -0.2738109520300982, -0.33844400993390605
1.2678592100185924, 0.049741724012789396, 0.7778127906644402
1.0163571348675207, 0.1476285334796543, 0.10577164884203175
1.2794693633208938, 0.43304718813755005, 0.6704565493176533
1.5070477203492108, 0.9038482016548129, 0.6739816464675528
1.0397725480453122, 0.2712774865949673, -0.08680712491125514
1.1598413114250725, -0.354118238257936, -0.4688626035645492
1.003802204060462, -0.0790784365554864, 0.03695220898107649
1.3367371884766404, -0.24356406899120914, 0.8529612273444077
1.072065056688993, 0.18922662722514902, -0.3369224975013819
1.326176395322233, -0.5540610097064185, 0.6721311100023383
1.819236045046962, -1.1680298653808192, 0.9722787774998368
1.2722390278930509, 0.391686753663072, 0.6820363854657163
1.0909948904733509, -0.3241678449559166, -0.29186479632801826
1.0657992624911512, 0.33018642309396573, -0.16402741822967964
1.2867160996893312, -0.8095740386702609, -0.01510619445288017
1.1479449582376255, 0.38524060134351223, -0.41154259344528726
1.1468556721151282, 0.10722692162326211, -0.5511626982496559
1.0511320308070562, 0.11909813550588412, -0.3011547447867761
1.3941700364655845, 0.7969780114952639, -0.5554602954050847
1.2806092941037333, -0.5945866002809977, -0.5351886946780051
1.0350397783283225, 0.25391741034183424, 0.08266372509897808
1.1563903834151723, -0.580266317065711, -0.0230156497645612
1.192120456742872, 0.6456554084559448, 0.06542382529645499
1.2874090701024221, -0.5108786132868716, -0.62962302711072
1.1675615406313422, -0.34598020999477086, -0.4934548058874364
1.2925780022484934, 0.516819334468192, 0.6353390177035891
1.2668705253015287, 0.2655344775626156, -0.7310624932954226
1.0722738126563718, 0.331776418254945, 0.19923739006158322
1.2960691565973488, 0.14370592878076235, -0.8118767546347299
1.2087106386725408, 0.6789509659685082, -0.0026445889304883173
1.1534047439294617, -0.41592643425656584, -0.39667077609222157
1.2394195956400753, -0.4301388663479078, -0.5925719278817927
1.4824496909220906, 0.8530639935554688, 0.6855209034115567
1.1608001509342851, -0.3214979284844511, -0.49406079827210136
1.5723919487729527, 0.9823788822340571, 0.7122837723173039
1.3323387834105291, 0.6848413852421343, -0.5532801377597819
1.1934993019822822, 0.448301665091948, -0.47272211806512904
1.091211145736132, 0.28924716044560367, 0.32722751221881874
1.0472137853646168, -0.18759473353054526, 0.24792121371373976
1.0860040631606809, 0.38037670271858137, -0.18632871284492933
1.0024215150773774, -0.05716677155069366, 0.03975995624363403
1.5355927708487285, -0.8838899610865022, -0.7594627670751061
1.0080829589201976, 0.022138341492334936, -0.12546372344733525
1.4580645867254178, 0.8462571675275816, 0.6401571256113283
1.4626561120887627, -0.9518890535394278, 0.4829804674957649
1.4410980323141305, 0.30126147765537276, -0.9929778752925765
1.0008799094091898, -0.016635668947775743, -0.03852074217363927
1.02309817387645, -0.14507880426672354, 0.1602560886264996
1.082575198070532, 0.4059308385375692, 0.08478923163726244
1.5764553598830573, 0.9822455159451697, 0.7213911893762128
1.4103363697249331, -0.5657500250866933, -0.8179092766825116
1.4751382623061662, 0.6504368165694743, 0.8677354669313821
1.2973746412234728, 0.35191169909460635, -0.747889775120694
1.540155706001656, -1.0327509605591771, 0.5527251144950407
1.091910324864557, 0.4340719526803734, 0.06204593010077203
1.2582734571972114, -0.3964689224502417, -0.6527361539076622
1.003714525038133, 0.0421118193287868, -0.07529570004551822
1.0152978149761445, 0.17399418307499484, -0.023572809577953806
1.0208145641002426, 0.19564778650505624, 0.061516810018401376
1.169086660773359, -0.31732154285700553, 0.5158203745850413
1.3965101221113432, -0.7857829530066056, 0.5768757855237621
1.0373317895887537, -0.06633717676964755, 0.26768754298554653
1.3629042934651716, 0.7186054409650564, 0.5840499408108996
1.0637694965476998, 0.33971117589999716, -0.12728652227941364
1.0600816491784673, 0.336181764755542, -0.10370594954383475
1.806499856858547, -1.0302704801450575, 1.0963505235879734
1.603792972733714, -0.12323444464670733, -1.2477841043396332
1.0181994697086825, 0.15916744880218198, 0.10675150283179635
1.0754779908084813, -0.2065585201626193, 0.33761884790644686
1.2742494415720764, -0.4477112509150014, -0.6505891754024757
1.2315742999016537, 0.5474524275709161, -0.465908892086167
1.3935242023797652, -0.5225450699574706, -0.8178363849091715
1.0125111476294248, 0.015813587573154247, -0.15788842428094946
1.018792672197204, -0.10680762577908792, 0.1628822887798244
1.3346403971959673, 0.4484119819767811, 0.76170314706391
1.1372192994318122, -0.3346531405660578, -0.425764031488636
1.0607063294338872, -0.29219745509556955, -0.19929516937643746
1.3774674929309705, -0.604978230738679, 0.7289842483989833
1.3032694638551394, 0.46193058335191145, 0.6965137698433718
1.116420963496606, -0.4963553387213777, -0.005210130274441367
1.1055614227426105, 0.13193181011106597, -0.45261468926392867
1.1457161260708426, 0.11660988170940349, -0.5468707132645684
1.1156817682937454, -0.27312647274771223, 0.41248968227999583
1.21396489454557, -0.38371525465143996, -0.5713784809885807
1.2743885037693437, -0.7891602912224417, -0.03594569928624753
1.7830004479126849, -0.19989046798293716, -1.4625779972590855
1.2638003630742896, 0.7726637123286695, -0.013496123783704694
1.047444875553051, -0.17860355360480792, 0.2554242313526279
1.393595082990823, -0.9198478349975104, -0.3098180365740377
1.4031934045864296, -0.983684167102682, -0.03629311320840361
1.0156035890010449, 0.14779235313573214, 0.09802076487360356
1.1389501192144393, -0.01586503360394187, 0.544936395157574
1.0934296910125498, -0.27775852392531303, -0.34414922864163405
1.3493876530844469, 0.8999800589964572, 0.10432129075833474
1.2399140447776924, -0.5058697856876873, 0.530549336410169
1.5584027520248611, 0.06807106102080786, 1.1933086223480338
1.0022141479846578, -0.05233345473610458, -0.041163186659899896
1.106479430538274, 0.3092098321006258, -0.35872832329857346
1.0201632754957533, 0.14543699119740133, 0.13993280623810583
1.0638570119748998, 0.05088351732934101, -0.35944764513397026
1.6355870439079274, 1.0442324288681906, -0.7646722256624153
1.097147747090304, -0.1346082315211066, 0.4308292039220296
1.0707881985912933, 0.3203934747452436, 0.20960769924565226
1.0009590053716386, -0.03323537927269912, -0.028536643095848607
1.180506137233101, -0.3913921379082068, -0.4903130983653816
1.0955453728870537, -0.29233593580029826, -0.3387615159577563
1.0915430627894154, -0.31540990124924856, -0.3032867489977707
1.237512660255968, 0.1384307352636277, -0.7157335508610552
1.1288381024289622, 0.3369251086221944, 0.400945049446109
1.0650846499963071, 0.34289231243639584, 0.12973115944050204
1.101339587077475, -0.04661701317895957, 0.45910319117411436
1.5977829106514003, -0.32857616859647787, 1.2020598699732554
1.1696143451341954, 0.6037325962059187, 0.05920024174067233
1.194882189277049, 0.1669887276114248, -0.632343428132396
1.1422119029623161, -0.3503228326429028, -0.42652308753202134
1.3825599496349572, -0.567019729007056, -0.7680889539964627
1.0752952349153881, -0.14361010023110443, 0.3682879055078402
1.0471337035560626, 0.13009292123496974, -0.2820723754067172
1.3721190827721585, 0.5095098183137077, 0.7893734999032095
1.163730769823083, -0.3327727106479967, -0.49348923765469316
1.1267668863247708, -0.11188499204423105, 0.5070358613286455
1.0467368214770947, 0.28385549418445044, -0.12281706663681843
1.0274341317032065, 0.0034949045608995187, -0.23581492877006774
1.0907281251829326, -0.2383450281537069, 0.36452639221253075
1.0474156231270224, 0.31091141224853414, -0.020336698458469235
1.00966309116864, 0.1381487191440481, 0.01828904226777352
1.272061979029569, -0.45814688605479503, -0.6389390497464673
1.2454180849024508, -0.7420639870383181, 0.02018032068334784
1.7057622207915846, -0.16921928487360977, -1.371491738038076
1.271977149012703, 0.7848860082035216, 0.04335691106185289
1.236621882334182, 0.371822032811643, 0.6252855793823755
1.488837831997083, 0.89376366551527, -0.6463935335308381
1.0568320031454408, 0.2817019581163406, 0.1937469733075194
1.552643246697869, -1.1254320099191932, -0.3796101191561475
1.1034927075604242, -0.3178812743057694, -0.34153718843601205
1.2281093395592388, -0.7059142815472894, -0.0996873964962665
1.423887003544015, 1.0008579819683094, 0.16042910830605828
1.1092088456674174, 0.40651060264045974, 0.2551340691631262
1.3435392363291925, 0.44599753369970246, 0.7785781139293684
1.4345680518279604, -0.9653839145268116, -0.35499210258590247
1.286430978819482, 0.8078721249449219, 0.04740562206560643
1.3181771495665413, -0.5819305652079948, 0.6316231589453285
1.0783526602420426, 0.3705276685661601, 0.1598552679082433
1.076056591019203, 0.18118729427809002, -0.3536508892510425
1.0199777845918612, -0.10467803050297911, 0.17145609056238997
1.4137511537832221, 0.28845315290182666, -0.9568109026366638
1.0810053174366563, -0.2710648067177241, -0.3083769882552991
1.0919284088442738, -0.2776200831605646, 0.3394624271802532
1.4024831636056003, 0.9808765883170676, 0.06957113401866183
1.481782095442562, -0.8951050196275097, 0.6280646321930455
1.114989397679903, -0.328719610726345, -0.367620421715814
1.156277309073676, -0.2820537955082542, -0.5073685760056972
1.0668808909018461, 0.2827005560511272, 0.24148546743003052
1.0218306428743869, -0.13496069933886573, 0.16100767792576465
1.194809065082873, 0.44742089377865035, 0.4768471933591758
1.0688135587646825, -0.06759811981574824, 0.3712046842331077
1.3940609980570404, 0.7888539072048558, -0.5666706092532281
1.208978457157646, -0.6789593855322037, 0.025358680348441076
1.1157411743723227, 0.49406451226217324, -0.027903869138001025
1.0360745076639033, 0.2264597911676457, -0.14888367410601452
1.0682557201073304, 0.19854920644689739, -0.31898040090472396
1.384144902353254, 0.9563962054149302, 0.03410878154407964
1.0686254390081726, -0.268974162406146, -0.26384318989377364
1.084238902660652, -0.11229113571994993, 0.40368886395527287
1.3583917626382203, 0.3613773359907975, -0.8453606341884896
1.184354442002912, 0.5352506485108356, 0.3408844196509409
1.0489302466235564, 0.08621444057472562, -0.304666592389356
1.1884864453795492, -0.6408781915896933, 0.042132818510523175
1.2629913094043632, 0.02408832279896525, 0.7710815782624306
1.3066831990633843, 0.16640652144157284, -0.8244573077705329
1.129187462405076, 0.4396744891037241, 0.2859207388144376
1.1782026098499767, -0.6204487454852001, 0.05661045913201464
1.216308137271539, 0.12044646923236867, -0.6818343881342572
1.276387569765393, 0.41875620444212486, 0.6736530779955151
1.2491755457735956, -0.4955634628637659, -0.5611206629890163
1.064727629916638, 0.28990656326165865, 0.22270857748572473
1.1657837534270765, -0.5931146048627965, 0.08524567586083924
1.2271549381626445, -0.423807553154885, -0.5712235990799338
1.006059591351163, -0.10166813978248058, 0.042655488542962444
1.0281008762923225, -0.20028390020869305, -0.12991447629204209
1.2327539726093908, 0.3212461141868545, 0.6453551666362337
1.4805197207623126, -1.057916281475836, -0.2697253880420892
1.1493990579312983, -0.3544918900081457, -0.4421014524877845
1.236882389409657, -0.726628007787747, 0.04347164052749864
1.0912771551888256, -0.3185461224972703, -0.29902206821398714
1.363417700851518, -0.2925687512500059, 0.8793812329059859
1.181182055662063, 0.24473165103778738, -0.5790487609850963
1.560662030397291, -1.1372635196900178, -0.3772236205569144
1.2478741855134639, 0.44087446172545264, 0.6023451600778271
1.0635974073202983, 0.3475529322860881, 0.10220765195327715
1.2946316959746098, 0.8194633992781479, 0.06746084394370555
1.1285347434048998, -0.5208910965555044, 0.04757239326718089
1.1110129008222802, -0.48407908365632485, 0.004136007735800948
1.0062668911338146, 0.09436389177055705, 0.06056824351115706
1.0152602224560363, 0.05740499619319502, -0.16570451325639735
1.652174578348646, -0.14542729355216796, -1.3071081591175298
1.0127408570132304, 0.13119758640257626, 0.0918217664066146
1.6789263078594083, 1.1094040092293336, -0.7668222033354964
1.0743196895798974, 0.3634765989536819, 0.14848419926750173
1.196218701692087, 0.027235883637596353, 0.6558943428025447
1.0016650928948851, -0.04956051684769207, -0.029609348083143115
1.2719613503781533, -0.445690385770255, -0.6474918971599386
1.0058439793879101, -0.0017017761709761327, -0.10825532240389224
1.2410212790863127, 0.11468835073560225, -0.725934154969013
1.1108225962709033, -0.3483756215164439, -0.33550151522617877
1.2895430280638058, -0.5042079882491928, -0.639292989022773
1.2877945737224283, 0.8113495512336886, 0.011259210532835717
1.1301516185154454, -0.3563234325759774, -0.3876548622555297
1.6780418413176703, 0.11507019875847573, 1.3426031694326073
1.1174071072337488, 0.4671340704229617, 0.17431122610598004
1.1444986967232476, 0.4186246684832533, 0.3669205005699439
1.5817888944260279, -0.36427174878987445, 1.1701975045107054
1.0739396255966362, -0.16758899548496883, 0.35392124550383
1.0112258008280137, -0.1005017625428344, 0.11170056394683675
1.0260619154402082, -0.13896335734562673, 0.18300885123966182
1.388717752297757, 0.4058206452637365, -0.8739831802870458
1.1487175392220577, -0.17128901468042268, 0.5387133359832385
1.2126379090310322, 0.48209657925083915, -0.487927849885404
1.0952115150674222, 0.34939286759250565, 0.2782317142450949
1.1879278200154466, 0.3216721286139555, 0.5547067218266045
1.0295029511919038, -0.18529280664085468, 0.1598214701471433
1.6518350815122307, 1.0656390812068453, 0.7700470668206901
1.0700840007376977, 0.27027379067261487, 0.2683874935801826
1.1292921634508786, -0.4883653599224405, -0.19183343206905007
1.0919756736669257, -0.27563955827006575, -0.3412238353295665
1.2807184371938403, -0.7975235926162159, -0.0647752621666387
1.0648037945616404, 0.34106045270245733, 0.13223043717413505
1.1947331096813916, -0.6532830890625262, 0.02466594644224298
1.042530927252107, -0.16269803863641843, 0.24576428239473821
1.1573862924759342, 0.33791498923239205, 0.47471727382017725
1.095991043892281, 0.3476691643450231, 0.2834122800016355
1.428490534541416, 0.3707788847439467, -0.9503200649794024
1.0151019033754745, 0.08922875198368503, -0.14990031372864165
1.1180294933069612, 0.38613145665068416, 0.3176357128678088
1.1474908792648353, -0.5585690057026668, 0.06881848490281618
1.1089276084748663, -0.33749323312456236, -0.3403215515257827
1.4321654770764194, 1.0129653648174755, 0.1581111109622806
1.0281050662394977, -0.1229628960253499, 0.20464641073906253
1.4327306998545726, -0.7428226555722418, -0.7077653288162513
1.03280200604329, 0.07498982189611478, -0.2470961559778564
1.0886166423533357, -0.24680475668599083, 0.3523827550914195
1.2859476976051065, 0.0677124920014484, 0.8056528404982065
1.0058723110430967, 0.10749447675870877, 0.014968085700982181
1.4926912378183623, 0.9252616490612373, -0.6099327932126574
1.2409895547432295, -0.4452686529586293, -0.5846288580580049
1.1184997810590724, -0.07725480365832361, 0.4950489425712444
1.2322619882443786, -0.7184067546807309, 0.0485936467152756
1.843706818334357, -1.3377880141723784, 0.7807548021685953
1.3667530805214798, 0.7797134118081923, 0.5099617422526745
1.5108640944371108, -1.0747926783119297, -0.35711484218153083
1.0572819645020857, 0.3246668326139378, -0.11151950619431072
1.1874487709836306, -0.4544241118506379, -0.4511466616071691
1.1870214566004225, 0.163054270804347, -0.6184118718154201
1.287419422944244, 0.7945666641668148, 0.16159389459045265
1.3907448009127323, 0.45910889126054344, 0.850523443081559
1.3349247479414648, 0.8813710188764051, 0.07217485539542758
1.1910826130515524, 0.4024584531709995, 0.50666062071659
1.0513186940405663, -0.11459449664310373, 0.30354422705476614
1.0585584731265023, -0.2865907669241324, -0.19598921741195185
1.3063726653324912, 0.840234017081181, 0.02482614081041477
1.2100533779912193, 0.46144057683218465, -0.5013000814290194
1.0602654401792975, 0.3272407207138698, -0.13067637255933565
1.1396305232254071, 0.0009978512903352276, 0.5465864375922785
1.6880597470598138, 0.1340636149589033, 1.3533560716928097
1.2322088063915198, 0.7195667662733446, -0.023710997948961355
1.0583347009265804, 0.2648463855319037, 0.22344737916574628
1.2587212556615055, 0.36936537554363696, 0.6692894880420467
1.1248316892587427, -0.31272103454862815, -0.4092088509691745
1.1294656180285532, -0.2529807596710955, 0.4601014209333165
1.1161540998551729, -0.35239593498873756, -0.34873640421803503
1.1499783830233274, 0.567842266826105, 0.0023326865921843034
1.2271495659414562, 0.3120730595676761, -0.6391451029949098
1.0319640891471011, 0.13236136036844753, -0.2177851041063647
1.0335598419867578, -0.2349590247407831, -0.11419371112522562
1.0830583887104916, 0.40570169805458317, -0.09176930615295284
1.1240050232743175, -0.06660230160045856, 0.5088727009453548
1.1245377405362849, 0.5006192801017845, -0.11817557396020427
1.3465780777644762, 0.8936329397285063, 0.12121340086005336
1.262416543575069, -0.45379794954270974, -0.6227061509916666
1.270118480082571, 0.4066133909435179, 0.669228289713364
1.0006302892395231, -0.015937462210244557, 0.03173283854098863
1.0099776631668118, 0.04617044221777635, -0.1338774453046847
1.332334617428832, 0.286614286828397, -0.8324468652022672
1.2120600427084427, -0.3867944671458958, -0.5652252536075457
1.3940406962001783, -0.758555427197678, 0.6065831571443655
1.2258883699882221, 0.4751150885236256, -0.5263724426008333
1.241064250798122, 0.046058821378519695, 0.7335659885670309
1.1981373106390458, -0.6593440452769733, 0.028256770925953675
1.3281806023206308, -0.5039139469198185, -0.7142369680158569
1.2123250855729162, -0.36341333591497216, -0.5810876529307177
1.0466797284394607, 0.29652371086162066, -0.08724759494081841
1.4882376264219095, -0.8760594929407806, 0.6688579800871494
1.1013984860920796, -0.2696856989527089, -0.37463081686683736
1.331420880661361, -0.5827856204992005, 0.6580596340761496
1.2715315784528907, 0.19494001674919684, -0.7607831128992827
1.0983477189566329, -0.2760981286422147, -0.36074580399154416
1.0196238008505256, -0.09632209982676053, 0.174226141396278
1.0252431353998652, -0.10043137468029303, 0.20257597504238506
1.2031477931383017, 0.6623022170780865, 0.0944477918588722
1.2118540167225769, -0.3882023229068577, -0.5638165608922494
1.3266913661558177, 0.46382305370714577, 0.7382263581599942
1.175528038119818, 0.4630318907521583, -0.40922809843937874
1.068343985136802, 0.25322896524637684, 0.27790998855426624
1.14017817898522, -0.5477238175089552, -0.002213496661118097
1.2865905034530278, -0.8093513196960034, 0.01629616156808774
1.1896218079706684, -0.4268679310153437, 0.48268397059575285
1.2443834188890837, 0.7403394717485564, 0.019686537967680755
1.0138089109456783, 0.09334880147938136, -0.13818288307610713
1.052389743796311, -0.28577174689839896, -0.16080634789181267
1.439486064803231, 1.03323867157169, 0.06736451834209123
1.1426958559892764, 0.5374146875571383, 0.13015096193624076
1.2085543572043165, -0.4951737555213605, -0.4641191508227284
1.36869839263227, 0.9291123435366411, 0.10042680459922287
1.0282643803419593, -0.20123777096187137, -0.12973432629158327
1.103908968767843, -0.30963096092288245, -0.35034794043073064
1.06094783707733, -0.06870073489965775, 0.3476931434804429
1.0492578117910951, -0.23204966559132717, -0.2170136131757423
1.1258162307222261, -0.30266317959555183, -0.4193532938641495
1.6471136069690702, 0.6642584596339174, 1.12771624669836
1.184760711387894, -0.6353387116570138, -0.0016323965065299598
1.0233655505224717, -0.10050899729084774, 0.19280817269957712
1.4375215766254519, -1.0284112891199917, -0.09401331647315629
1.223102994924484, 0.6884016595468182, 0.14860717118103392
1.066491909258822, 0.15813340586044097, -0.3352593301692058
1.147322212342467, -0.10002900636731572, 0.5534821196927505
1.061733353762875, -0.1546388532256811, 0.32150356073550546
1.2049109666412572, 0.6708930404013415, 0.04138799189877131
1.0264632994508258, 0.21360875215087985, -0.08943269046618006
1.8407849191860117, -1.1641068141466722, 1.0165355104274207
1.5843074386158515, -0.36012626003892684, 1.1748783498234594
1.138213923682492, -0.5425944450823269, 0.033499316866100304
1.4412342283585882, 1.0176501878891444, 0.2038239340253338
1.0469846377586904, 0.2887016368357522, 0.11326162894402275
1.2535249114121678, 0.7453136433769425, 0.12582637452883527
1.2355074276874842, -0.44243260021948333, 0.5750930343292039
1.0701602856028483, 0.3751729520397868, -0.06699472321997839
1.3619585252124278, 0.9245831776831037, 0.008773365615648369
1.0450495031023361, -0.13464636196953514, 0.27202724338346834
1.2845672169470133, -0.8049169509229103, 0.04713424415390518
1.086599086905748, -0.2831428711075033, -0.31706101968770206
1.036514271644032, 0.14057707212875803, -0.2336662622490979
1.0146727471174757, -0.0870990927957492, 0.148238091518618
1.1865775120507007, -0.6351628672923686, 0.0673373901882721
1.1613840207623696, -0.5906005712498844, 0.0019516458383375445
1.0265463202711325, -0.14493731630868206, 0.18108153413156125
1.1934811172253128, 0.4686591735741048, -0.4524994543623429
1.2820719416064184, -0.8009402515994806, 0.04693801042025611
1.547661865659009, 0.1063552903900147, 1.1764122587856607
1.0228309153626305, 0.17671282000947303, 0.12229333859968108
1.0130982482251532, 0.15618430290752902, -0.04443561726996877
1.1434907290196081, -0.5497081876396848, -0.07342993800683678
1.0563877093876122, -0.28481097821766477, -0.18664859825860808
1.299083851535381, -0.8007237939394137, -0.2155464199175469
1.5210290304086638, 0.896398927560974, 0.7141416344209708
1.326541705308099, 0.4170883337919758, 0.7653432025806153
1.2687929235194337, 0.6176153353105583, 0.47789829499823305
1.1860354293859965, -0.42941275932409506, 0.47147080703739397
1.211730726439259, 0.2607684034030408, -0.6326856985768237
1.1025350348966803, 0.37637266185716217, 0.2718954258187842
1.3148250996408326, -0.543712762470677, -0.6581348452802288
1.3091383724265204, -0.533078746880437, 0.6554924315230055
1.6828263413526454, 1.0745482652155267, -0.8229523199266361
1.0842492751800723, 0.3782869608192477, 0.1802649882884893
1.196748463026472, -0.39586524221637753, -0.5248786466995888
1.5995626700874008, -1.0671032466961536, 0.6479902749483694
1.1155103058686937, -0.24613617120928055, 0.42869596186773484
1.1065821954928252, -0.2537636835138132, 0.4001601533276681
1.025847591977115, -0.12290188634914158, 0.19302437228772015
1.398237598764102, 0.8118040967632094, -0.5440978690236451
1.0484835826443126, 0.06622845134811231, -0.30810974555616344
1.0718445075831797, -0.15976403458023808, 0.35117816232059984
1.1676237701671217, 0.5851302497684396, 0.14480282961740307
1.1459417122093698, -0.29484182685551896, 0.47565818075361865
1.121954206016419, 0.4642334788753782, 0.2080108590655704
1.079756878705308, 0.2670837966106335, 0.30747546682536925
1.2981017268511537, -0.42606868977522516, 0.7096009898859851
1.3722793921477272, -0.6133654014862474, -0.711992706685223
1.1662645570349497, 0.5941339723600476, 0.08472213337491842
1.2159500291875036, 0.6778477985317249, 0.13804649762592655
1.1144678506041295, 0.00957513182138238, 0.49188098853359963
1.5233789211911648, 0.9470976991558484, -0.6509141923350998
1.2493924975285182, -0.5099886267359625, -0.5485373400968393
1.0968351007029615, 0.3129899933245577, 0.32416739844217685
1.2612164625915079, -0.46312387257132115, -0.6133377896121998
1.010665687587495, -0.13740784134368417, -0.05063810031955334
1.005583291522078, 0.009614211737717848, 0.10538179691501987
1.0533775039117497, -0.16137597633631123, 0.28907085638101027
1.1119963991790502, 0.4105103963588009, 0.2608010856352283
1.1914330956167989, -0.6437613870629657, 0.07130286009547304
1.0305477436484294, 0.09044263381362072, -0.23205340318065656
1.2206631817557354, 0.3017578334364605, -0.6316334484918995
1.014154123487313, 0.07820765427358269, -0.14964006482003409
1.0823519994048991, 0.01652462620897979, 0.41377866951358916
1.0489866812378523, -0.12362334640462641, 0.29170246080231405
1.098936391264803, -0.45377430367336613, 0.041833878278970206
1.0265554830097077, -0.12573656422678348, 0.19495249706976872
1.0533213169677564, 0.21391770590552453, 0.25243813475544113
1.69731297540679, -0.16017055276316647, -1.362063409137692
1.183284174716823, -0.09509111397438133, 0.6253951696154871
1.0689117200372458, -0.14369247890056464, 0.3491772282672428
1.0672773937597926, -0.2325678574420651, 0.2915359787667773
1.2619337697449928, -0.45774394174482735, -0.6188273773991554
1.1586246184707258, 0.20126256958411154, -0.5494582646669681
1.0474789292079083, 0.28477372856845584, -0.12694892930531348
1.160593729458125, -0.5876059287923443, 0.0411955981338556
1.783234817338274, -1.0430271825420532, 1.0449979474840387
2.057749759459513, -1.6872486325018266, 0.6225159633908187
1.186114815531761, -0.4253712478136688, -0.475318479713745
1.0068068536673191, -0.03417248826640702, 0.11176887597702954
1.149740430739711, -0.34638529471539437, -0.4493554113198878
1.2255421230014372, -0.44847456063329727, 0.5484743054288328
1.1385959365503306, -0.15428556666041882, 0.5221079109237842
1.6074655707568972, -1.0073517088347896, 0.754445555276474
1.2836120737726728, 0.3021794941357723, -0.7458870619998917
1.166329777313824, -0.39154606184583907, -0.45499102288059323
1.2993109658873412, 0.4027271941441947, 0.7252722200469555
1.1510208352769877, -0.4187925766340838, -0.3866028207319751
1.0533977066153006, 0.2192165648746292, 0.24817499065567053
1.2674044000666747, 0.13524138080159054, -0.7668270223637444
1.5614386739510457, -1.1290652400668744, 0.40410693656844243
1.8971181686550764, -1.1075811830645537, 1.171461168269147
1.0690841895421044, 0.04252174841312982, -0.3756765966104205
1.0212580713307156, 0.19886816112943714, -0.058476514491966704
1.1177118676698587, 0.07264169594962136, -0.4939666012389976
1.0146037345090642, 0.07020336950457427, -0.1564999200956466
1.5794756652482835, 0.9872985003637802, -0.7210998878733363
1.0497582241126522, 0.1463741480758818, -0.2838431571611493
1.2514187262252021, 0.27007659177643795, -0.702216108417865
1.2139301852916549, 0.6709532862437833, 0.15312799365530663
1.1157909674779989, -0.2625402144135985, 0.4195975678208235
1.1353479213330895, -0.30879053360544506, -0.44007193597300864
1.4657336106802674, -0.8798225988552949, 0.6117901699286518
1.1323788283110172, -0.29849829908454933, 0.4395231236814091
1.538149475842451, 0.6363819636053737, 0.9802661916194884
1.020473891199483, 0.19770217210118263, 0.04775786601481075
1.0781466695531206, 0.0709944767607657, -0.3966863059622184
1.2598178496053927, -0.34537085001010404, 0.6840029167683818
1.1419064989265904, 0.2931919234051093, 0.46689286602045593
1.2363161844779376, 0.7125174797333668, 0.14421008659763465
1.0340601190837988, 0.19231602068802217, 0.17970775739050393
1.2296164127721179, 0.12868387504898143, -0.703844430865905
1.300897577029291, -0.8309370572855123, 0.04333719822939272
1.0915029991643344, -0.1404365892601703, 0.4143143270292582
1.1695569189758046, -0.6037152978434865, 0.058234232835397096
1.5257967909278247, -1.124974042031604, -0.24997850299720364
1.0813918316810187, -0.2520302560690837, 0.32540596745016925
1.6681725915945527, -1.2597968121356582, -0.4423932498130137
1.0955293710530394, -0.33344723120815933, -0.29832456626882137
1.335010950950825, 0.1912879298293478, -0.863517901991747
1.297336699484671, -0.8260852821965861, -0.025799580771131335
1.2360839015652625, 0.14403412335396726, -0.7121499722800358
1.2340469049501368, -0.45514209608259215, -0.5618873872855273
1.2503020981030104, -0.4884074031508074, -0.5698364195699276
1.0521162051163382, -0.19648837617161147, 0.26142078551226156
1.1370073923525785, 0.37380499950669305, 0.39122325162010957
1.1145822791070497, -0.4922299975535595, -0.0018128452465604222
1.243687950906162, -0.7383339788178916, 0.040282191500823246
1.0571711332457707, -0.2793596643102696, -0.19891953882060145
1.2752243372555887, -0.7899505010362683, -0.046640285607020875
1.0662513391108885, -0.20710592689147367, 0.3065926502742463
1.0528540986668733, 0.2742651818386439, 0.18242906322910687
1.1444818880795387, -0.38329481423495193, -0.4036383003664288
1.0462209607419062, 0.15123987810758333, -0.267777515795708
1.1163004561817191, 0.410436250357417, 0.2786912141852663
1.017400950073092, -0.003254067913340255, -0.18733420470283976
1.5167230227744755, -0.8964679446790259, -0.7048361171060296
1.1563550603345198, 0.5639838183763187, 0.13812776031963464
1.249591415519977, -0.25188944164041605, 0.7057126999929216
1.3238503314350891, -0.6261170217774561, -0.6004641330515287
1.0563837795044486, 0.1528203265389461, -0.3042903833456348
1.0455865530040969, 0.11629867505431489, -0.2823576774298868
1.1289461354454988, 0.44744463276372315, 0.27260351675696215
1.6502647287420584, -1.1354093188636252, 0.6589532256296635
1.123347312170597, 0.31203845553773885, -0.40563676611782556
1.167398046186531, 0.3845178144303923, -0.46364237147375187
1.1087718910479567, -0.10503639286546215, 0.46727129438033566
1.2003941748669407, 0.646304884152308, 0.15243415554053144
1.38402953067865, 0.6058642112452264, 0.7405851060632831
1.2253335037669597, -0.4901400569818592, 0.511082106902241
1.1475071835915567, 0.4497880120397356, 0.3383245196842364
1.078371889540521, -0.2936105338928322, 0.2769093471487727
1.014113800450307, 0.16457874591988184, 0.036614705450185754
1.165864388282883, 0.5907294395210533, 0.10138294308887935
1.0739167866548895, -0.2395571337467086, 0.30969282253585606
1.2037965538674111, 0.16698503084141966, -0.64903169612735
1.1626775372102378, -0.4442739716744778, -0.3929881596509612
1.269723190964513, -0.473494103091869, -0.622896713757852
1.3227233256051936, 0.17517764637858432, -0.8478854806572186
1.2141406973954945, -0.03979185936865571, 0.6874258076330876
1.0403121030256055, 0.2026799626231085, 0.20290417554267706
1.460104730292366, 0.8591016221234734, -0.6275748770361668
1.4014635168011265, 0.7834518228192972, -0.591864199158643
1.0737522510537127, -0.33138191342788925, -0.2076774520639796
1.0279464605870403, 0.050917783191970045, -0.23255387588307205
1.2856195083057003, -0.8079503785326199, 0.005805683868978857
1.0485086554222227, 0.1377358889986851, -0.2835475716296285
1.3583371399652822, 0.044833549109477865, 0.9181882915193976
1.1085899455452142, 0.0794078521008842, -0.47187504743169567
1.0436823916115792, 0.1157185142588908, -0.2754671668598281
1.1662692564880577, -0.4153210399693388, -0.4332348236095452
1.0282436396214314, -0.14952308132736725, 0.1868898888979747
1.4188962337273336, 0.7984938451044187, 0.6129225900682507
1.2124755775848148, 0.5588296124240192, 0.3972486507436507
1.15335604832299, 0.5669007565519254, 0.09409413597073063
1.8397732392966122, -1.3691620785280947, 0.7142553988263418
1.0105849785543113, 0.13237874252859436, 0.06130144701527185
1.2609581151284, -0.5121583527054282, 0.5724588979675568
1.4853716729192874, -0.33015930041836444, 1.047532263492776
1.3420528231371776, -0.6116607205224028, 0.6534347274674673
1.1648358724167405, 0.4832795689264584, 0.3511174560273609
1.0875417924782462, -0.3818829483693568, -0.19212642746775804
1.1051156731003402, -0.3200061234536159, -0.3447850517122331
1.078316474129578, 0.14662459074302817, -0.3758558869682432
1.9110574944562693, -1.4809326425104272, 0.6774800775407027
1.0600226970750166, 0.1686133173242393, -0.30857360148772883
1.0839457788126468, 0.38869819910888515, -0.15444144979656488
1.629166744589669, -0.12706896231061945, -1.2798584923710128
1.0385683215424013, -0.18119070352741184, 0.21399553141746283
1.0066724988843418, 0.11519107552996473, 0.010978894675478244
1.7106891651071348, -0.1682169316937872, -1.377737450861547
1.1060441456040675, 0.35371133986555015, 0.31340379716198197
1.0425046879653348, 0.21608807055690035, 0.20030469338659104
1.1255979248224202, 0.5123852733645198, 0.06657341814647436
1.078511081114942, 0.3694727826543159, 0.1633279368797568
1.2167462912948859, -0.3672210484747524, -0.5878947515814059
1.0431214713760142, -0.24871197688963223, -0.16200233516005788
1.150471632507375, 0.5525685605246654, 0.13510352742946283
1.3864169305754295, 0.7402791992171964, 0.6116687114709575
1.075729301800322, -0.3327287055686952, -0.2156041262183744
1.3537967375730608, -0.9114533069640928, 0.04492745138199959
1.1545623717574234, 0.4654063619597968, 0.3411908388651037
1.2593760345456837, -0.4378190022631297, -0.6279669717790329
1.1717393195626329, 0.4208125750505075, -0.4425944076561099
1.0806460421767912, -0.40583026059787985, -0.055656698208034046
1.2950804829631763, -0.4647418047668917, -0.6791527900657897
1.4835606314968777, 0.5647887984714174, 0.9391303213338534
1.465641907345689, 0.8691397825061087, -0.626659587841073
1.2899978518169635, 0.7933955504450623, 0.18605901812692907
1.1046466108154072, -0.2912250229247514, -0.36801103354171844
1.2025531840462078, 0.6479795042176889, 0.1620392624442315
1.1868346733109816, 0.4434040250421237, 0.4604013600649199
1.0159704949864516, -0.1251746048894694, 0.12855879967462683
1.4082628732417104, 0.8191760343989165, -0.558708282395619
1.0447565303295596, -0.1437519731353878, 0.26617959705045563
1.1604663735152172, -0.5886557354261244, -0.012908493695569628
1.4291758986492993, -0.8369281715193804, 0.5848888655097301
1.216118129514196, -0.4292213073076023, -0.5428741790564918
1.0296936692197565, -0.15439643877227346, 0.1908685205205013
1.1001926344454716, -0.17324512101639916, 0.4247469375193661
1.0097612048422469, 0.012488630156352045, -0.1395052863560506
1.2428492653253216, 0.2967388310096566, -0.6757369033068376
1.1950846368070616, 0.6497152690667195, 0.07808558300881421
1.0818194723900223, 0.27297139461296277, 0.3095480391882338
1.219754353371233, 0.27181341696579053, -0.6433647091078715
1.0603449933344078, 0.18977759563493174, -0.29718002807115
1.1593015316364463, -0.5860625751999609, 0.022598654929016443
1.1918174314854626, -0.6411092688164427, -0.09699327518055821
1.1420382522781098, -0.551474341710844, 0.011288051250362564
1.3585269139616902, -0.059748105781748155, -0.9176194962040458
1.0578082228663028, 0.3363118964928148, -0.07650192573375003
1.3898021892823489, 0.7570168487043261, 0.5987283324779125
1.1307030199152948, -0.25619141261335004, 0.46136241648918874
1.046837003960583, 0.2822413399717493, 0.12730883265555953
1.1398848723238346, -0.36430285168470156, -0.4081923007690358
1.0917501875339966, -0.2558562008397062, -0.3556066316484955
1.0276812542890592, -0.20095656714669566, -0.12547995273249749
1.2042245970139407, -0.6661823275554946, 0.0797369833021753
1.2741190545698244, -0.7667383355533651, -0.18839238310175524
1.1402053000819892, -0.30504092658636656, 0.4549924828416287
1.0374304699335832, -0.20533349040247076, -0.18466222587674527
1.0045041225538087, -0.05230808682578529, 0.0793246259381247
1.1361542462170697, 0.37996600548375997, -0.3827170049446369
1.2033873617113386, 0.6668702676409692, 0.058525109679846476
1.2705202585573994, -0.7759750893333771, -0.10992901409008687
1.005167112779969, 0.08297943151250638, 0.05895200217363559
1.0716633958705895, 0.3182694396342114, 0.21717964417460675
1.2532043549791334, 0.06451529658832565, -0.7525682240466881
1.0583950755456741, 0.268559891528832, 0.21926176274342848
1.0149233149904624, 0.04761186157240753, -0.16674065475713917
1.1542629079564473, -0.403365178020846, -0.41184875117485176
1.1588034427965515, 0.4381203747299279, 0.3884275431578556
1.1242774602081689, 0.5104862910471338, -0.058339987873427514
1.0622459362287984, 0.1505289909236697, -0.3251268243718106
1.172973180507619, -0.6116244781703101, -0.04220876559501529
1.0039715615991025, 0.0272586538552236, -0.08494623175716202
1.0642132473997068, -0.30154554465706285, -0.20401009886401378
1.0683972333422065, -0.1764286536588676, 0.33218304950945443
1.2717652741264582, -0.45865618562466093, -0.6379823005869225
1.2748476362773613, -0.5417024938175755, -0.5760164094136513
1.0591705621733116, 0.3260618360554213, 0.12460320558756263
1.1094927879688574, 0.324605111164239, -0.3544090410259871
1.2219757878324355, -0.40921279071752154, -0.5707624006203279
1.012255577851571, -0.1198273902179172, 0.10150247014324794
1.2260651681641261, -0.46750485410896053, -0.533549442854068
1.2867416789128325, 0.618057860552711, -0.5231717015095718
1.2792659499302752, -0.5833936923766765, -0.5442179437928493
1.0300596739008132, -0.10328594002355611, 0.22439907840742163
1.2131514109389472, 0.013261432954444412, 0.6867026141344978
1.2509433489167519, 0.3762985882190987, 0.6505833034311376
1.4485238731422576, 0.8130779633308052, 0.6611547750783302
1.309266446016771, -0.5415525113132343, -0.6487676811892799
1.033207366329128, -0.19575364141990279, -0.17087414581387364
1.0135892108145255, 0.0003864485837273098, -0.16541746865765078
1.0440320289187484, -0.25465426129780855, -0.15860039284650457
1.0705915407830695, 0.2751992805389399, 0.2653895310427982
1.4791276126294315, -0.6011220115262371, -0.909104406381078
1.0143974151045727, -0.14120238395756898, 0.09520505519949142
1.5413387094968052, -0.3103499250577902, 1.1311091642321272
1.1081072977275588, 0.3419646844851684, 0.3331094982765152
1.2079833343869304, 0.665559271510539, 0.12749349890456166
1.4323347569001377, -0.9991399139305847, -0.23087288323872157
1.1884800246453322, -0.6422349278273476, -0.004366515724316675
1.059248101752516, 0.3292296238432467, -0.11668074327129815
1.253781621987042, 0.300114219747358, -0.6941900393537004
1.237323275587575, -0.4949822163328649, 0.5347536758405415
1.0049218325676965, -0.08619253702543368, 0.049383561357364575
1.2116924184232867, -0.33859505083712166, 0.5946023111400426
1.0663258746538096, 0.2523560775554846, 0.27086395307796524
1.1057646882350405, 0.3419458838971802, 0.3252515307163247
1.1069395515872984, 0.1107143667327135, -0.46158152028353927
1.2677222292746981, -0.7775104808974883, 0.0509617767720721
1.4887883321364848, -1.0764273365722308, -0.2404056717004606
1.0056465020215948, 0.028053056334727912, 0.10265433774833842
1.0130138263162252, 0.1568232123549564, -0.040043630885714034
1.140319794139165, 0.07414804999780332, -0.5429837010326467
1.000947280154781, -0.04279327862335997, 0.008012050543839357
1.0479939681673909, -0.2455276093155399, -0.19495525224786858
1.2206669526615301, -0.6985870416550172, 0.04476555094799656
1.1316812245773848, -0.4627521052183092, -0.257997835605247
1.1108546810012068, -0.3085952656849674, -0.37251454239951104
1.0256029150589423, 0.22766206824878762, 0.005596611303680677
1.2366253156350366, -0.3729168276501159, 0.6246400650973547
1.5055524129199027, -0.10883119441368437, -1.120198124963362
1.04202483886906, 0.2429927793546222, 0.16361624003015815
1.069288974261123, 0.0722805447510319, -0.3716913145701665
1.1759568321168858, 0.23135662305244387, -0.5738889996960659
1.232851140284766, -0.7208015969868911, -0.019157032196946474
1.0531582832474833, -0.28636596875068454, -0.1647328185707642
1.3398121044510931, 0.6471260876461354, 0.6134527707342049
1.5131891552199457, -0.6817344525018483, -0.9082838519687875
1.0123889226188187, -0.03007995026128975, -0.1550049264816145
1.1772107064817088, 0.616794354969445, 0.07341506066870908
1.011859353726409, 0.1100754667084115, 0.10836393935507994
1.216374051133003, 0.6918759061104478, 0.02955609604734669
1.0813499097413295, 0.3385985486224107, 0.23381328056459583
1.4310587010694888, -0.6485220951900253, -0.7920530903651801
1.2793857024719888, 0.10217917214005186, -0.7914462663191467
1.9156792883644351, -1.500558381716565, 0.6466464868292654
1.0180667982908784, 0.16969596858029767, 0.08754018522846989
1.3901789197556136, -0.6121018289000555, -0.7469463032843069
1.1745494205264317, 0.43663544361422435, -0.43464448764339136
1.0782613737413485, -0.2927355474072186, -0.2774049195432125
1.011421106873996, 0.12462490562008409, 0.08626290239381273
1.0342658272311576, 0.13510103645290164, -0.2268336644493107
1.1007463472848253, -0.2755741417435047, -0.3683767276351969
1.4995798343422058, -0.9647489765119711, 0.5639140820062051
1.2398178231181751, -0.3472710139055058, -0.6454076831139621
1.2261452333900147, 0.6036981183260348, 0.3728011739448501
1.167008151253426, 0.26041509837139526, 0.5423025001160844
1.1009807354067604, 0.41004110887206335, 0.20982103986916958
1.301357263684467, -0.8317534136671586, -0.04143653698551764
1.223329167967398, -0.3984409393357074, 0.58118763842763
1.3299818887960293, -0.5423542765640026, 0.688987418766258
1.2282650264038195, -0.029046188830141654, 0.7125947614185916
1.5327708175535812, 0.12967127239301698, 1.1543707117992252
1.4092176039333018, 0.43817160941974453, 0.8910106037158182
1.3056132191994592, 0.27895298585603523, -0.791714032861852
1.139044253306649, 0.361848442200345, -0.40802881744808783
1.6469153826397416, -1.096312554294137, 0.714443182396243
1.1144396197181465, 0.49144941484620874, 0.021287053456176163
1.137724857948939, 0.4559668457593413, 0.29412937283313034
1.028945822828668, 0.21825612379020706, 0.10532697064208403
1.2780606916403972, 0.1743095329547816, -0.7765663643484799
1.050543235888639, -0.19635115746316292, 0.25512215394639676
1.2434537550822424, 0.36248570563301974, 0.6440352119565057
1.3132114432530737, 0.38754445188351827, 0.7578480009244098
1.2656107058026158, 0.11682139444163406, -0.7668919222699555
1.0617056561186307, 0.07299923360010457, -0.3491275012485971
1.0717475879980551, -0.1171634465138734, 0.36730861571795426
1.0273475879126155, -0.16065097239026369, 0.17214625020584085
1.379078778396424, -0.7447076661287573, -0.5892951459433824
1.2088383110305232, -0.6782113866561708, 0.03632323257973985
1.2397168102995337, 0.7213618568305915, 0.1285878736474436
1.1089100253322772, 0.39089965400420706, 0.2772704542172188
1.118284238617639, 0.49431514935967674, 0.07881732965632143
1.0767660884434973, -0.39499443435542697, -0.058349002134959756
1.1442844824465694, 0.5513626955450996, 0.07339042668669338
1.1705396616491512, -0.1005024171858672, 0.6000519674440766
1.017212212222398, 0.14330857957446083, 0.11909381056434305
1.126886559101998, -0.286307630045958, 0.433475787169489
1.0321947748183757, -0.16926550885507607, 0.19176871662080192
1.3789865269241692, 0.22573884650177364, -0.922304621379743
1.3819790461653196, 0.24202488500948113, -0.9226538023961934
1.0978275435314717, -0.2765106759752694, 0.3588414154024657
1.1589202880223977, -0.3277010777210585, -0.4854979275448804
1.046640627374846, -0.1348011662346516, 0.2780022454106966
1.3895754933812001, 0.03010272867586079, 0.9643722712375512
1.162748887162508, 0.20581108728210115, -0.5564411657573605
1.1029144883249216, -0.3207470962548266, -0.3369594468198224
1.1127537158403042, 0.40629041128114424, 0.27046059568337033
1.0547707623233755, -0.148195460550354, 0.30096422798150435
1.1049035764129678, 0.379888339573814, 0.27658048128170165
1.3947588293442523, -0.6198754356138796, 0.74907051494252
1.1415741038396316, -0.3747987406987006, -0.4033823726043645
1.1568731571257176, 0.5741316253321352, 0.09342579125437474
1.4230733763472818, 0.028933569039851753, 1.0120774096140417
1.1706455209463478, -0.6083987984603048, 0.016181401169342795
1.0662772162482812, 0.35127849025195734, -0.11640671877726563
1.3944397491167635, 0.8013258810343135, -0.5498536589870107
1.1603926556148536, 0.4335544985660997, 0.39817284183880525
1.2855275192877074, 0.7895139266932995, 0.17102269557966232
1.012286075163165, 0.12773616318212383, 0.0916873523707319
1.0232335820030558, 0.16323262331064098, 0.142695739340495
1.3573056436608115, 0.9143560856847802, 0.07894022349028876
1.6356597968246271, -1.2496355794470688, -0.3373334989715208
1.177297320686376, 0.5852100467521205, -0.2087059713465339
1.1613922263019183, 0.5525818440906035, -0.20853107417350056
1.1082683878711201, -0.47583003334843743, 0.04294879413996088
1.1627285161214247, -0.39066639317605756, -0.44644974123045467
1.0258833859687588, 0.12753989149331865, -0.19018490393456028
1.4066644365157044, 0.7894423947347391, 0.5962260832549382
1.1103764146580892, -0.47694382932039897, 0.07389428869775447
1.0066874215663326, -0.0017995946578359433, -0.11582886600039992
1.0615379017326572, -0.1872722622819522, 0.3029716432189194
1.4124471940571257, -0.5852253174735573, 0.807786112648529
1.0640829755356016, -0.28310895068060704, -0.22830221389470848
1.057725714498332, -0.21170270392818924, 0.27196627044635646
1.0567730230511354, 0.24958115071499437, 0.23340623696982601
1.0130387334449382, 0.15450029255546935, 0.048755872056592535
1.2352472902985148, -0.445321338811529, -0.5722978013140801
1.0340834178460836, -0.12625997498218208, 0.23105612690802307
1.1808710966120732, -0.380347193783125, -0.49979251594546964
1.1999814627728596, 0.22037207939019257, -0.6256130254588171
1.0245455132558898, -0.1254974367992944, 0.18423870953081925
1.2062329205217461, 0.6743914297003151, -0.013930473688499022
1.2783138062377617, 0.7893371029209035, 0.10503868416211526
1.0511153458248108, -0.18970037894667513, 0.2624066242607063
1.2047701862438562, 0.0228794717775184, 0.6715264190136063
1.3001443122264282, 0.13937792709150112, -0.8191147819777204
1.6191868188892145, 1.0422528731369198, -0.7317615068466018
1.379972942996131, 0.40950035918581096, -0.8582743030221135
1.0013618222583707, -0.03332661847094105, 0.04018501683335614
1.5381335073113003, 0.9503794811934817, -0.680171690119613
1.332956329830065, -0.5364434831841061, 0.699286040603801
1.283818748750815, -0.8027672061994428, 0.0612812556566025
1.4754088578694269, -0.16389865533317938, -1.0723658557878195
1.1984750130817063, 0.6521487899445596, 0.1050919252609024
1.0010942864658663, 0.009195600343440741, -0.04588258197754021
1.2657850577663594, 0.775199525290138, 0.035742250272338884
1.3116066880217256, -0.8486608260613272, 0.00932235872653197
1.0109984228349937, 0.03679292446269008, -0.14409750755765308
1.3332134002943377, 0.8773584993594351, 0.08774983946509438
1.2369798052166554, 0.33739508250509626, -0.6452004315057563
1.116888547745017, -0.3327581228953431, -0.3697459394383405
1.2625525588205047, 0.763042780809607, 0.10864933703684601
1.0694701189097078, -0.1976732843304929, 0.32356082566148314
1.085291220965454, 0.3568126978702147, 0.22481488594678203
1.2040286028586675, -0.41371963891074404, -0.5277508284042367
1.2689646482133357, -0.40938747083051213, -0.6653368899604105
1.3580230965577567, -0.5372148109184853, -0.7454039024006612
1.1796785658899798, 0.604963070188166, -0.16019114372757162
1.00677024575989, -0.04906388512910712, 0.10573108778153664
1.1545740174810826, -0.3540253264541845, -0.45574908674775805
1.2267217120468894, 0.05377395764700581, 0.7084874877414771
1.189194269757276, 0.504146542651196, -0.40002409271990935
1.0531154059879828, 0.13435273317818824, -0.30166438539672613
1.4174087378950668, 1.004208988659116, 0.02473534631902643
1.1340712787688294, 0.41195702138645657, 0.3411877457628959
1.136447489728837, 0.4774008601691016, 0.25219301263273924
1.140765357415311, -0.35881119907630254, -0.41545171090790795
1.0891978207841468, -0.09897206511643683, 0.4201861767449312
1.3339467693552147, 0.8809928997392967, -0.057144501766659236
1.1390217328428924, -0.5453081620921093, 0.003084841025303974
1.481946512270907, -0.08261988528390181, -1.090568392989445
1.2924474493805986, -0.7989010354206214, -0.17938100516574879
1.2599015681731955, 0.7620707506988046, 0.08124119899803156
1.2036373038715678, 0.018723290708862843, 0.6696209357959532
1.2520666811247443, 0.7522386701094864, 0.042520079664122475
1.2557408226658429, -0.4265635286382641, -0.6284334250699595
1.204689088949439, 0.6364408895026875, -0.2149855697549428
1.3644871370589666, 0.7745807434237499, -0.5117126333368037
1.601340315718308, 0.11493503953029192, 1.2454239211742242
1.021312422296938, -0.08665060189982558, 0.18860206024441284
1.517245232090043, 0.3613081290194607, -1.082353699215014
1.0181547222430305, 0.04574952683890638, -0.1858655945025835
1.8812409575043736, -1.1435434737141046, 1.1096737646343862
1.5575614737535077, -0.013050744937465617, -1.1940801575178177
1.1162501829796518, -0.49490596005015736, -0.03290230552618255
1.0856195380125375, 0.37379810984255535, 0.1970907262980384
1.1663191922263598, 0.18667853272497067, -0.570483640059205
1.2894867628611277, 0.8139985374319222, -0.013508984149881208
1.1157643059777416, -0.4941611427998137, -0.027106298913228143
1.5914937496099648, -0.0785822322644328, -1.2355877904139083
1.2337968634981162, 0.7146272185152737, 0.10752971187031247
1.2222343772225084, 0.7005749737517061, -0.0552410989869791
1.1455516367642637, 0.48038258016234925, 0.28551905220115786
1.0923862855822657, 0.41555025981859534, 0.14361677650232002
1.168454334082414, -0.6043862289603369, 0.0016784156460396425
1.1745071581376705, 0.4510121238325739, -0.4195892380324567
1.0426770295336598, -0.1814403703631707, 0.23292655477556015
1.014467338714277, 0.07736330537095674, -0.15218048593728417
1.2149303630591874, 0.06126882324270269, 0.6872422559633418
1.046956655769975, 0.26936122268445584, -0.1535016963260828
1.1598558215630161, 0.5866225784369835, -0.03375614435275844
1.0202316254253185, 0.09970811032169313, -0.17587172101865728
1.067480088040353, 0.20706260650306305, -0.3108678422590498
1.2862178718316697, 0.6796662006475295, 0.43864595007425006
1.0695111527889667, 0.3507006588223705, -0.1444408316285241
1.4171863255481445, 0.6598524868251137, 0.7569754137033546
1.148567271872095, -0.5639917530431354, 0.03346760396320077
1.1411846461511268, 0.5497717122957484, 0.007311700928879248
1.0249025807528767, 0.21860879147787235, 0.0513370852551155
1.2506334687788856, -0.3717694434896466, -0.6525883496640944
1.351551855580456, -0.7773030539321487, 0.47169098006081184
1.0037663816121232, 0.033749369157481265, -0.0800495405119027
1.152265478131937, 0.19802131036467246, -0.5371250252372156
1.5445026313120545, 0.9607798896289585, -0.6799929277679483
1.1248950794386767, -0.31058381883390385, -0.41100685058024977
1.0280546279585157, -0.12236331957309525, 0.2047523774952927
1.0529554023525178, 0.239212753517388, 0.22691923210248618
1.4255485809208135, -0.8463592440945793, 0.5620184930240263
1.1306259134311025, 0.5274945337683412, 0.008029505989505718
1.0204379172595073, 0.04882713684844557, -0.19725479382794298
1.581612149350819, 1.0051560749699349, -0.7008268373322702
1.1209690487242916, 0.48340077989611185, 0.15131191028360605
1.3264293701729863, -0.19744030757011496, 0.8487827749219018
1.2865493901898317, 0.6203545356767988, -0.5199707525073418
1.1282783463626378, 0.18853072158358306, -0.4873070837674967
1.4458388436610652, 1.0441905495096133, 0.010773029006636873
1.0295633111197138, -0.13560451485491454, 0.203990262401791
1.500445268690985, -0.0905080107712045, -1.1149638130107191
1.1155409970533596, -0.259012862354203, -0.4211223732383333
1.0216602591263917, -0.08952271756219131, 0.1891437763144375
1.34023038172233, -0.6045524137503532, -0.6563031731754798
1.4468918001947433, -0.311911164503773, 0.9981018519813923
1.1399407651284055, 0.3864586104106303, -0.38744637105155516
1.116985704186771, -0.0822274072839675, 0.49081128435374527
1.0148637533186469, 0.143259907511773, 0.09708262820777715
1.1765944068072491, 0.04866263377104909, 0.6180666195521056
1.68333919714257, -1.001203306758506, 0.9117142047661785
1.0511242448636107, -0.22845771734829026, 0.2294978203036024
1.0637781202318999, -0.15217178333350134, 0.32934425369393694
1.0021192592107342, -0.06505141712198731, 0.00336493855691925
1.01336926877609, -0.078768411014135, 0.14391946472279374
1.3433679077386866, -0.8594386432364508, -0.25690962234627424
1.1977858363257472, -0.34676183731459115, -0.5607558629963478
1.0098524065620142, 0.021664894814886294, -0.1390414160304456
1.0365671628590547, -0.1568421052218787, -0.2233204808055888
1.0726355539687669, 0.363897977748794, 0.1346302099390092
1.4437490130939548, -0.9958295135124277, -0.3045238789116048
1.1417382737380903, -0.08574126080120088, 0.5442561179395737
1.2843646990493363, 0.8013830159436282, 0.08589494700613653
1.3119347342890748, 0.8393967912276376, 0.1287857675012705
1.0479822989975862, 0.27045255484882197, 0.1585002037475386
1.2676172552131328, 0.39089612522830974, 0.6738350873882796
1.3273023287280197, -0.4396011938621206, -0.7539776271228626
1.1397151255847047, -0.32749690424804084, -0.4378314118408009
1.7054722043048869, -1.2946878437548557, 0.48209835810752566
1.3742406905478823, -0.7245702755831313, 0.6029389615034889
1.2029964552498524, 0.5340065524165827, 0.40253878486409966
1.1287006628504261, 0.5231655629680968, -0.0162166594360753
1.1723940813054041, 0.5822688709244809, -0.1883370484856143
1.2963637325867376, -0.5552627507953519, 0.6101165501323477
1.257733010415164, -0.3968470348021972, -0.6514635495994346
1.3302032846435314, -0.5965752314562565, -0.6430698031235443
1.4626516543571468, -0.6612379644471058, -0.8379225598869785
1.0205377776252555, -0.143258291453924, 0.14482547251777936
1.063758899929138, 0.19617947665003188, -0.3051173710554177
1.451598581465722, -0.2761385145100957, 1.0153255450925354
1.3931498271342615, -0.24538707487146322, 0.9384304046279881
1.0938765706255047, -0.3477214613389481, -0.27505587993664365
1.2859830191373578, -0.8008842347502682, 0.11107100448862157
1.4911156067935059, -0.9207196280352058, 0.6129446299413
1.2283684814810978, -0.4741872806870476, -0.5329498561129377
1.1540238288994458, -0.5685734557327558, -0.0921695345754193
1.0938762223369045, -0.2722747249143893, 0.34990236347708575
1.0881558220510121, 0.36045365212288094, 0.2327149710155996
1.074698236061162, 0.3927786075710194, 0.02648139021170324
1.4847239343435408, -1.095001723412647, -0.07332384970727762
1.6175003726964603, -1.1807008304107958, 0.4714371694515036
1.2776580386147023, -0.793888462684674, 0.04638073363944506
1.3936074659435633, 0.7276166550935469, 0.6424295855298995
1.6152753175314707, 1.0318977275774568, -0.7377678708420924
1.0869524032909594, 0.3315810208303886, 0.2674313998861574
1.0650315529022782, -0.1035254711976056, 0.3515319124784432
1.1853191551038715, -0.3183291295750172, 0.5510427068024473
1.2482959286742812, -0.24244407767620835, 0.7067273836102
1.2138729139166748, 0.4643533186762409, -0.5078025665304582
1.2745929231710438, -0.7866043665062662, 0.0764244096541289
1.0660742427327576, 0.17244996454345146, -0.3267649013391505
1.0488664977916309, 0.18560585340506824, 0.2562643115446582
1.1348877006085425, 0.3621638504145992, 0.39598918980878334
1.2035655852026332, 0.6697105909059063, 0.007605413375929624
1.169626989049552, 0.49665383223270604, 0.34837087197653005
1.3753528553066896, -0.9128626344029414, -0.2414068915983672
1.289440711834769, 0.8009948914540647, 0.14513625736337318
1.204340761640938, 0.45334694027334665, -0.4948870799431619
1.0222095000625415, 0.15653938521493782, 0.1428554615499194
1.3501334861952234, -0.5798534572329207, 0.6975889897931997
1.1242113011599077, 0.08748031800208343, -0.5061602943909245
1.305237534647781, 0.8323719091565152, 0.10393279896430842
1.1242188699354991, -0.3752754227201363, -0.3507654837940494
1.204894364166692, 0.26547922895013465, -0.6174878199581746
1.324859103568216, 0.8575351172652226, 0.14101477569566268
1.4581572938914285, 0.884061907400846, -0.5870751549942744
1.236927924745823, 0.5220595301529517, -0.5073899269718384
1.1328769407651211, 0.34533912622317786, 0.4051555884061728
1.0233765499485716, 0.1667268552722665, 0.13964855429134226
1.0374108769009784, -0.17037788405660487, 0.21723881820901866
1.1492655312095732, -0.5659876191606549, 0.021662783368619286
1.175973923769491, 0.11773529732450545, -0.6074973820105919
1.606878265066353, -1.217706924072637, -0.31503588019177936
1.0340797566773932, -0.13235381169722918, 0.22760362848423843
1.1339505224038233, 0.5005474382473624, -0.18787242832280282
1.021775193149623, -0.12118229558187962, 0.1712874676485566
1.3468946718153838, 0.554092571188191, 0.7121142320714632
1.5350856409687839, 1.1491213362447488, 0.18975795028305062
1.009223791348458, -0.01031813837466768, -0.13574312890248713
1.0628900854638486, -0.2898683842823715, -0.21380283807956008
1.5689199597550707, -0.9921277161052897, 0.6907911660216526
1.1015011676969009, -0.46156187671710086, 0.016292832750135128
1.0209131051618872, 0.20512722310602036, 0.01365249545319699
1.031044956083885, -0.14728217168595042, 0.2033756705446612
1.2052734093287172, 0.6377968494991373, -0.21424091580238416
1.01760266120177, 0.1620836950175777, 0.09614599260693672
1.0037085721891374, -0.056203839838683226, 0.06536073954098674
1.005616745837558, -0.003914913014050591, -0.10606466407344121
1.24598637707428, -0.7429350653207427, -0.023011748554890618
1.59793267730772, 0.11253876986181016, 1.2412589844532078
1.2186005670218034, -0.6953045658933792, 0.03922884899764886
1.2178793501371188, -0.6908510934916317, -0.07716785672692769
1.3494077749902844, 0.17426698732365356, -0.8891188673812787
1.1556252199513586, 0.5748029918986434, 0.0712121442732493
1.0502971179481326, 0.2923567784919959, 0.13285913608004474

(('lorentz', 3, 0.07, 300, 7), 324.5066387204319)