1.1492529396989775, 0.2762875695926536, 0.2762429941587506, -0.4100454931754945
1.1256218926470507, 0.21055609936694517, -0.18335015595578708, -0.4348258209176336
1.0926832460262172, 0.2769843745773562, 0.19112929701379872, -0.2840878811378496
1.156714658092418, 0.11029713787904527, -0.5216875168108693, 0.23165810243818144
1.0360661369613138, -0.09308696597655393, -0.1576642096255993, -0.19977450769894187
1.1542736203722677, 0.3862440364779748, -0.31366665048456427, -0.29116381531072344
1.4007882484409384, -0.34835111272723013, 0.10150097764149765, -0.9113488743449198
1.6850744308074026, -0.6112967702263025, -1.1763274672547757, 0.2864363556773964
1.062892601357995, -0.04918140005513575, -0.3568197379246666, -0.0012435986307661113
1.3732465976411936, 0.8151096395522982, 0.022315739800127958, 0.4700047884854046
1.4813428496747025, 0.9729401468148464, 0.12166728049754436, 0.4826605244419783
1.1613742430999718, -0.1470243265533577, 0.5234618351838995, -0.23056818306841015
1.4670069150116953, 0.9601428526769665, -0.17257430989079678, 0.447719888670566
1.0878457508878008, -0.22278993369594696, 0.18024740129824307, 0.31825131184903055
1.351620404843379, -0.42283843957790884, 0.7599737988711422, -0.265565806973834
1.6525143004898044, -0.782695390155714, -0.14742160754584221, -1.0471190520570723
1.3288070541496222, 0.26400676366372167, 0.4787204540923147, -0.6832681338473594
1.1313542768534928, 0.10595148480642233, 0.20345685468582214, 0.4768040382624252
1.6836124819995166, -1.1594423807207455, -0.6397292900908427, 0.2845888099224022
1.3781738549488174, 0.8339862817470675, -0.1932268123931514, 0.4080360955780346
1.0124699767786707, -0.15368442143718827, 0.03336724208714781, -0.019057272659445873
1.3172362784465994, -0.535414761030668, -0.11247718445967457, 0.6601449309828442
1.0154808377036073, -0.1618884298197305, 0.04706728436701466, 0.052708052288403986
1.2332443340158685, -0.2490005848170508, 0.05860172534893595, -0.6748749024294335
1.230111951566983, -0.1601496741259219, 0.6238318397249307, -0.3136261006528325
1.1119384118129192, -0.3137511998902868, 0.23259091863542197, -0.28960089917120874
1.2514522711982825, 0.568317111626136, -0.3347341812443175, -0.3620793775223354
1.2668127947374703, 0.31312460662083536, 0.3752828273224674, 0.6049218438409726
1.368972342802792, -0.14157271239934213, 0.8277285892847676, -0.41098397163819744
1.1848010089298247, 0.5474834736116562, 0.005251250937533254, -0.3224712409608589
1.1418378106737823, -0.1469751898786551, 0.4724214261256939, -0.24291948374264885
1.1238381217052387, 0.28866930336214186, 0.24240050965456664, 0.34774149883725575
1.0961203028317894, -0.03192870418804779, -0.44366675748806533, -0.06016713745020514
1.232780096734979, 0.6924392929456034, -0.046591316213394095, -0.19520205363776297
1.117106725083852, 0.3226842101776775, -0.23629941952171035, -0.2965888063688174
1.2336041434257645, 0.46673657735056934, 0.49572906563319785, -0.24122363799330881
1.119456718467488, 0.482750184374798, -0.12875074483360158, -0.05965609535402159
1.1840479413682317, 0.4014367480207269, -0.30355035572572536, -0.38558429212777384
1.2996226333015297, 0.686579283931658, -0.457940769356874, -0.08898386160607152
1.0181487724027147, -0.0850470009931616, 0.132159821107714, 0.10921406526634375
1.2801460366570634, 0.4367165502466187, -0.13655500890681535, -0.6552902100992657
1.173806662949216, 0.22585324552322916, 0.3259022057697899, 0.4696808977859164
1.085195209901658, 0.2604813743124296, 0.13768456221967804, -0.30139850456859774
1.1086505744232686, -0.31001758781360245, 0.12198152169510837, -0.3436796470264489
1.1475756882877655, -0.3575601453953471, 0.2998972690012208, -0.31486875173571327
1.6385620467145927, 0.7756076142561609, -1.0407385596634224, 0.013478133071251773
1.0605506168414376, -0.23135548620263746, 0.20266976648894688, -0.17368711995427424
1.01762392359626, 0.1193957952696021, 0.08563720128579261, 0.11819206277632634
1.2445544288283539, -0.3046305341206823, 0.5918340583492712, -0.32534352825198426
1.5803629512810138, 0.6940414986107786, -1.0071976137441292, -0.037502304674148425
1.4390570303174133, 0.8078127112138516, -0.0982692733705756, -0.6392706078168445
1.1397872443005845, 0.28744303081747163, 0.033045629191761745, 0.46411146580978446
1.4075763359017628, 0.8370891332840049, -0.02018988099798651, -0.529287533419929
1.0253899576661842, -0.060130199224828124, -0.20707293560591877, -0.07021199159252456
1.2050005390105596, 0.31243823533246834, 0.2927966665023817, -0.5183423195178698
1.4003974261185885, -0.7028883480765331, -0.3115023389582021, -0.6082986224227205
1.1061546968730163, 0.2365877523326551, 0.19188315119062044, -0.3616425101527392
1.0744392279621489, -0.13217538524489947, -0.1855404437388495, -0.32019379421914396
1.3731459175692486, -0.5504890469298559, -0.11170444905021093, 0.7549924742735795
1.0960413808190905, -0.302556596425421, -0.07429649959956092, 0.3228718702125282
1.3557984222543114, 0.3005651138045385, 0.3014993169137064, -0.8105233716874014
1.305628805326311, 0.1114977712764904, -0.8186666566918459, 0.14839046303311007
1.156554484206125, 0.4093965389923302, 0.32161619421533705, -0.2580228137526599
1.02278546205406, -0.2143957489112456, 0.004844627846296317, -0.010054542205101718
1.275056195917543, -0.6367540118791022, 0.46465045058777227, -0.06642732775119349
1.3336810060753996, -0.11203467126487945, -0.8532227641621466, -0.19535652821537955
1.282960831339108, 0.3170079139088735, 0.41987150943333407, 0.6076202702639645
1.0126648043096302, 0.05479294902111975, 0.07665473944216383, 0.12888673145861398
1.37676876699886, -0.6496889312369226, -0.6626541277057293, -0.1851648925858931
1.142100162905668, -0.16222631863994236, 0.4722770474125507, -0.23458430070439182
1.3634594340611426, -0.04624245008140617, -0.7695286465843691, -0.5144987135327247
1.1984769904995354, -0.2739272952298502, 0.5214946351239937, -0.29892186139821686
1.4010574310663335, -0.7947709708357126, -0.5732096166753279, -0.05226628372073675
1.2247909864971875, 0.37166649659099726, 0.33354027333535197, -0.5007273329666626
1.107970258140086, -0.07530362476279161, 0.43697356945294447, -0.17601578514481808
1.2966830477672031, -0.68093680005822, -0.4205593825775766, 0.20209355857939162
1.0382675483929087, -0.08948201238249472, -0.09837444436370606, -0.24559100187493035
1.7134481320338453, -0.42052073558899067, -0.8242808060295815, -1.039051473662971
1.0693349343835257, -0.21254279836030052, 0.22002700342714945, -0.22336266142992844
1.0747921529717053, 0.39156948709301403, 0.04284937283551567, 0.003929391157740456
1.4236481152439262, 0.560431538330387, -0.6240005824758862, -0.5686068236945226
1.2491783699284074, -0.15583711669295064, -0.5365422280228053, 0.49828087511577696
1.0940754654580296, 0.23143926242695675, -0.10702486636222873, -0.36329419195001916
1.1978547804417918, 0.3510091989252384, 0.26894153849936353, -0.48920247972256975
1.3857353329547801, 0.32550936460422214, 0.45907798795298416, -0.7768870365318825
1.3544537066963285, -0.02959597769642018, -0.7439065785429, -0.5294071439716441
1.3588654175089037, -0.5393855214980344, -0.0790346969925561, 0.7411693455420532
1.364399166126299, -0.13756760357603987, 0.7285736212129635, -0.5584270027900828
1.3722761782753599, 0.8973650331166692, 0.004936268449170349, 0.2790224723124361
1.476365404324469, 0.03409299131821242, -0.3742710161776007, -1.0190258492690532
1.3467974555909004, -0.6092711469659513, 0.3944866400343679, -0.5357539983008176
1.433741005303265, 0.6547967490464054, 0.4954415847080339, -0.6175695295821093
1.2594103325999024, 0.031143823145571962, 0.7433570939727815, -0.18045686182469095
1.33736818272175, -0.5592026987727102, -0.05780655202017483, 0.6873895550452687
1.4285009319491382, 0.8900255857326229, -0.42448005584867854, -0.26131599933329835
1.745139467168769, -0.8835304884116377, -0.12915256581854953, -1.117231064131173
1.115961784905866, -0.2457521895911371, 0.3189303462864094, -0.28854809113747243
1.1097383117722595, 0.24528523561196905, -0.15326154109214393, -0.3845324093337081
1.0135029834858318, -0.05876729907265364, 0.06234367382595731, 0.14088281807328523
1.2431372398729605, 0.36189461437763115, 0.32946490521472954, -0.5530599980791214
1.0601699714459516, -0.04291586313547625, -0.3188003634684445, -0.14312555781353212
1.0353724139713902, -0.25819403067053737, -0.001320502473482379, -0.0730077695335426
1.086701656083577, -0.06570381254274234, -0.370178479189683, 0.1989255938710513
1.1842866870731978, -0.5261064967902631, 0.3321856481768603, 0.12409515042581915
1.2885681520666123, 0.20199431727086942, 0.15485969484467998, -0.7717672273576095
1.1232386970950157, -0.4418405358109274, -0.13170526446521358, -0.2215757993964339
1.0259307855868016, -0.1707170325681478, 0.03996938172507225, -0.14762154358491666
1.0631841070800778, -0.12927474576407055, 0.31332991703616825, -0.12438990612346836
1.1761978485502216, 0.3289379675087684, -0.37693462683570633, 0.3649129753209618
1.1703919866770527, -0.335653285825465, 0.2577682529578342, -0.43670333403752837
1.1420675543867984, -0.2727091968939738, 0.3449356947930419, -0.33311763563361185
1.3175340785602727, 0.3545401752758988, -0.2744216288624697, -0.7313617995872295
1.3326605590334357, 0.7922353677863677, -0.3380976661180677, -0.18449188545088818
1.0306605245832616, 0.006626893901904877, 0.20246867015978864, 0.1456833511942377
1.5973422353555056, -0.6036921705524996, -1.0793172180763393, 0.1487693611873306
1.0484867902770212, -0.2384729364774622, 0.09194623435081761, 0.18439386633489505
1.4030004109674719, -0.8263727807646717, 0.5340177048056494, -0.018527583227861015
1.094830603477823, -0.30427530242350265, 0.24210180724481753, -0.21784697743024478
1.2794766872006273, 0.4584519238456447, 0.446653764109533, -0.47684676953808186
1.5144447486315797, -0.9613090105261622, -0.6044723459294247, 0.06356937899301225
1.3190617683101187, 0.0379684795545848, -0.8589174564815243, 0.027260706686350274
1.0360688936354219, -0.03656293763916721, -0.2127709095138079, -0.16380001225515303
1.3717812998695809, 0.22503733394224526, -0.6554056474895157, 0.6337077956305195
1.3521539246698717, -0.5021486199254436, -0.08155801507714557, 0.7546623680055773
1.190652430900491, -0.2861904526485777, 0.47689844477794163, -0.32911412821456243
1.3656405903387565, 0.5343325450609591, -0.4672050536151866, -0.600984518224801
1.0244999803898363, -0.05599125484370712, 0.09799248759842143, 0.19199651448418306
1.1935463947805642, 0.34887014722313475, 0.42005396187986555, -0.35552395978220563
1.352545528884593, 0.30424469848038377, 0.35844448694880376, -0.7799564865608157
1.2888351163193428, 0.21716234415536254, 0.38984736057088193, -0.6796730896502805
1.3231422823039274, -0.7461582207156384, -0.41165912947644534, 0.15649335448386753
1.06656790304477, -0.2544683803748621, 0.1342742019634277, -0.23405848389194692
1.3312411380495082, 0.5316046361938388, -0.4836391252988471, -0.5056606321365469
1.4840733406229532, -0.32473578964740857, 0.8684050740029551, -0.585570640244
1.1783691796186622, 0.14069777213467435, 0.009211405942071729, 0.6071846592199678
1.2142475429467658, 0.3476279814300971, -0.1686307033766266, -0.5701890633446051
1.2092614317178747, -0.458384492201011, -0.06698755578804458, 0.49770426451812616
1.5544775049311872, 1.012564314280533, -0.5568707998603877, -0.2846203349122046
1.3571651052074731, 0.5162711968620782, 0.5708016753098143, -0.4995464158082995
1.1543289989463517, -0.41999894255945586, -0.36747715277498405, -0.14504091921184206
1.0966795921217742, -0.2963153697697856, -0.2526297240675029, -0.22601228270196705
1.5183277904825294, 0.9006477680954035, -0.2249680200589857, -0.6659896899555334
1.2815421064900052, -0.6208847941588933, 0.36643251714373526, -0.3501134865565943
1.1978873574713238, 0.4390180698062533, -0.24889017756240414, -0.42455969555078793
1.3267293628295145, -0.5097046624298375, -0.12660147926098045, 0.6959770288883295
1.6707235535958347, -0.9585236837089633, -0.5829174059992378, -0.7299019373121385
1.0135487703898145, -0.028158705565981677, -0.033394036105765704, 0.15928915723337797
1.194964085060526, -0.19785939824845347, -0.013517667309330739, -0.6233843884633419
1.0535901569319568, 0.20768153380300863, 0.08085471088769978, 0.24572976016022516
1.187285089997482, -0.4827605977883138, -0.37969481084219076, -0.18005538251580291
1.0552791973877869, -0.16532801612200218, -0.2729318270926042, 0.10857738845849813
1.1774938683405565, -0.41172386655839516, 0.2649537173665161, -0.38311198798716384
1.496871260754278, 0.63959118288571, -0.9117556704336273, 0.01575714057458326
1.4377662450399593, -0.8773071568542814, -0.42955442266174226, 0.3361352791366876
1.1064383776662596, 0.09282009791936631, -0.46422772410235597, 0.009106765053001087
1.0869953428420693, -0.012794066953001145, -0.41875179385189576, 0.07773109002818368
1.0284526691686022, -0.2377287529495356, 0.013960983108311313, -0.03170210863224062
1.1389833873192698, -0.4171544015763622, -0.07069496761818285, 0.3439005428728039
1.124709133286466, -0.3206365433314644, 0.14633590062183052, -0.3751648248005683
1.0416091516473496, 0.006871504235285305, 0.20927354086440147, 0.20274859387707547
1.1543690264877164, 0.2228319187307801, 0.3318394775203364, 0.41568779927727917
1.1720342459551703, 0.2800441503184166, -0.28047844624311746, -0.4653723119795453
1.3986223770938766, 0.8342078479483734, 0.15172413928592676, 0.48705400695098894
1.470750822475834, -0.6359592919699514, 0.5108587710047782, 0.7054694017871425
1.443385743541062, -0.8573411758902963, -0.5537376870079181, 0.20421333641011077
1.214063292553487, 0.237208530959156, -0.235515676309977, -0.6018423027490399
1.1680002180887892, -0.4090808222483676, -0.4126691218715823, -0.16303860333612946
1.7153626970367426, -0.6724137257532082, -1.2014742155846756, 0.2163068956114096
1.01867491494404, -0.049463456247592415, -0.0050397197409444445, 0.18768737319602086
1.4772407014101847, 0.9024474174209429, -0.037365430943165495, -0.6053367436919355
1.0838093218163742, 0.2045489138697182, 0.1681880443518126, -0.32328805982884695
1.1173385042032866, 0.1439640343689373, 0.24938955196358742, -0.406847073425456
1.0892958822853438, -0.07370677520803422, -0.4247662670898461, 0.0265791044769246
1.0430749787188491, -0.11757557437005563, -0.12321276319941284, -0.2428991776965179
1.2383807478764244, -0.6584310233646207, -0.21395163597099656, -0.23298103280594545
1.0836920428955115, -0.36677770693995654, 0.1564335422269198, -0.12406088986160375
1.306585784479345, 0.26133584267224375, 0.3982886147765507, -0.6929907422741445
1.241675820322877, -0.16803267956163914, 0.6366950556143061, -0.3288514368679581
1.0761636595377153, -0.19218361808649811, 0.311534850201603, -0.15536961143883807
1.0651090157034422, -0.023917683789434322, -0.36590300456932034, -0.0003885640851280549
1.6509716294198988, 1.1070220850986536, -0.6325047669600035, -0.3164603356284896
1.3597648958157176, 0.7279427682237197, -0.13358192172214728, -0.5488312748673633
1.1600037961903398, 0.359926710559566, 0.3674438902893734, -0.2846867711903392
1.4483922082642855, -0.5942577387351398, 0.5674353288875967, 0.6501652685620147
1.1708431531485284, 0.22461196045634915, 0.29073839893847164, -0.4856895509247012
1.3135624674901334, -0.6351578194293929, 0.4210293000964776, -0.3804671193109029
1.4077363084837344, 0.8396072679994113, 0.1718008042222563, 0.49725811548386256
1.018592268199832, -0.12865920976574563, -0.019827949368792733, -0.14347079494712844
1.2717268757761486, -0.48671731164628035, -0.09722573551617911, 0.609050623075389
1.3909595454233634, -0.11272432899717263, -0.948950373586601, -0.14681577274379398
1.493980808033237, -0.8323675862397244, -0.7233642145210445, -0.12604391813749324
1.067159485625018, 0.0048108904476599846, 0.34862611055201337, 0.1314003734162467
1.0356013110116176, -0.11003352748199219, -0.19487487333190834, -0.14962112799575872
1.3267490955236132, 0.0047002124580808055, -0.698471298183783, -0.5218993352065467
1.076587647800746, -0.24882211891638537, 0.07482102469720482, -0.3025398003542071
1.270825531463138, 0.32105716821044494, -0.1880925111145155, -0.6903195154578011
1.2957995134473659, 0.2378636927575248, 0.4061261449668693, 0.6764457089024465
1.0515906360136522, 0.11131986849983525, 0.06698589140357745, 0.29826773707802373
1.0435658763270685, -0.14469323115224664, 0.1946635874227792, -0.17378059392434803
1.5534456200861129, 0.8304451520348897, 0.3008409443151044, -0.7956436829700043
1.3329201343928314, 0.25162820187792806, -0.6222627994534073, 0.5710939862280928
1.1938685647299907, 0.3724242883221751, -0.2609291975355422, -0.4674807516803527
1.411540513896624, 0.27653770439036923, -0.6569449663270566, 0.6959862294899177
1.28508992979263, 0.2627409151099517, 0.35071309888467317, 0.6778079827298591
1.3847633588470294, -0.9233161153927518, -0.07217683412373112, -0.24463731456427662
1.1880994624074797, -0.15903852410968333, -0.499088173396795, 0.37040258584060415
1.1635750130588554, 0.11659861839747622, 0.18914135939486149, -0.5518488193055948
1.1111674175754938, -0.37911633949459367, -0.27478674745968684, -0.1243224614868053
1.2450478067063653, 0.331502168287917, 0.4905491120525363, -0.4467795005024384
1.2546363026069705, -0.021459007527605933, -0.5998292888676452, -0.46244630718793156
1.0351022555443692, -0.2642350116910394, 0.02449214363173577, -0.03188530899958848
1.0661781524570717, 0.35108694277756836, -0.0060211037839143985, -0.11592048005895611
1.0643275142188466, -0.09181440005528821, -0.3265928654678111, -0.13304237554734602
1.4693680916147625, -0.8209084732022894, 0.45158441119536563, 0.5303049941737585
1.0568677981795545, -0.15058412877218214, 0.29491322046414925, 0.08555790662636847
1.3494543120178517, 0.6089495806083589, -0.3228557754163171, -0.5881934178319288
1.0523848150633062, 0.059666863163099264, -0.0769051027024392, -0.3131122316269874
1.625224540411696, 1.2160288964426345, 0.14094823727273076, 0.3778387542095535
1.4705802444866853, -1.0373699622124888, -0.13157723054408432, -0.26297765946203017
1.1982607738554165, 0.07845555760377212, 0.16577573439069396, -0.6341861032290831
1.2805565176967242, -0.5233066244526108, -0.10044246488417811, 0.5965622206170665
1.574665584485232, 1.1196548988948953, 0.16207740434952286, 0.44685067454598315
1.1558518998773635, -0.0837675023518334, 0.5151430783277129, -0.25219878836127313
1.2793343016315841, 0.34428821211296357, -0.5280744321823078, -0.4891822527510225
1.2320039278369987, -0.16685703802532686, -0.5249756130463347, 0.46302593099504974
1.3147573749586585, 0.24022188977432976, -0.5754122687496931, 0.5829074709194962
1.2780624745654212, -0.31413838032001684, 0.6254679270564933, -0.3788807716496807
1.0552489878538034, 0.020446951500548167, 0.3257713532763094, 0.08369811183851596
1.3681993236556211, 0.8795802614579075, 0.15252592301246382, 0.27394122675226257
1.2619219594338695, 0.3848765273207274, 0.45704902509538714, -0.4852043683627653
1.213235009576823, 0.5668593986433267, -0.3705663390631701, -0.11528312533029114
1.1927018363867508, -0.4792982398601325, 0.2906036263484864, -0.3291814091658515
1.235078700292861, -0.34229244733029546, 0.588358281735948, -0.2491782669705818
1.0950574540717137, 0.23244298656736465, 0.21117106384299794, -0.3170612992925562
1.176943377777327, 0.059649686984537306, 0.15972744917906834, -0.5967619050469785
1.024394143984585, -0.20430947442573005, 0.05953330988477999, 0.06400613958016291
1.3037869897803023, 0.21326508370780853, 0.3677514196360221, 0.720511909788571
1.043702408162455, -0.018886836622717094, -0.2969645479346556, -0.027749981557840135
1.1305916623408458, 0.1582795700336884, 0.188654168966384, -0.46647045908202023
1.1284121018340345, -0.25300409249299693, 0.4293130602375128, -0.15809205247829541
1.3032638773203324, 0.1946059861112677, 0.37124488360917846, -0.7230508145985973
1.3441274287406983, -0.64581768457253, 0.3863638519617504, -0.4902254959543985
1.0469729265317367, 0.05753667492904255, -0.27382259085357863, 0.13365264182489142
1.382686652392461, -0.06709000621266929, 0.893810671807161, -0.329277683322581
1.3628018586416986, 0.5924887569385099, 0.669969718127728, -0.23942964647382364
1.3008888129351182, 0.49567383515634567, -0.2725945629667953, -0.6101732188502562
1.500896718762818, 0.7352562102037353, 0.2743424038035133, -0.7980134780974216
1.0609502533848376, 0.23611430802285316, 0.07953358010018183, 0.2520711870497867
1.408985964414701, 0.24662864742797105, 0.5353066090941688, 0.7986630030529628
1.2840301839838397, 0.3481568711823397, -0.023272315565782336, 0.7259329898539559
1.1388106358737282, 0.045074941711653195, 0.4035352953246206, 0.3633416841432973
1.3417291146832626, 0.7560776774979172, 0.03785104875947638, -0.4766034629394705
1.0999371869269805, 0.2408616439784086, -0.34929862828073616, 0.17273665484214265
1.5892129675887599, 0.04644778986758882, -0.38716968579451405, -1.1719812684383937
1.3856855449232814, -0.35764665662834827, -0.07802924046957671, 0.8866367554098109
1.4794833783101797, -0.4696138594917636, 0.6633301538014337, 0.7268610573741857
1.5063150129203924, -0.43273246370124313, -0.4412472557108339, -0.9418218474510303
1.273489325758388, 0.3354428401096497, 0.43147970635717386, 0.5683998828656215
1.212493279674562, 0.2981387941630535, -0.11938052657624115, -0.6058064893555989
1.013045014020125, -0.015596464824719412, 0.06707472729460563, 0.14668991674399723
1.4443038219551703, 0.5955604255796174, 0.660744902404198, -0.5428973047866452
1.3436643206441103, 0.5998858774347754, -0.5959838053562265, 0.30062276091377327
1.4086532329914034, -0.7577779295104315, -0.6189681931568113, -0.1641795243756331
1.305089080725894, -0.4893767484220205, -0.10531425443476015, 0.672812614735113
1.4306531056995928, 0.9847630161611417, 0.056673392655909344, 0.2716583100403348
1.41867242042112, 0.854995900005941, -0.0030451785412289978, -0.5306638995863601
1.0637060002640075, -0.19440678587063437, 0.24867655124977966, -0.17842765890863915
1.2593301030454789, 0.3828868860359321, 0.46234564211486306, -0.47491730664994575
1.3512337332390572, -0.16292287120133805, 0.7534136002939215, -0.481307268566373
1.3448891676100971, 0.8245518862123009, -0.3024113420853798, -0.1933609067956502
1.399488000178432, 0.83795169632784, -0.035506885202558285, -0.5051166977718463
1.4164974681645863, 0.4537339610099835, 0.43786254389335877, 0.7802992775839988
1.2687831328608077, -0.7209048067777521, -0.168481078750213, -0.24843716288023898
1.1822231957103706, -0.39075832260805976, 0.3505153389574054, -0.3494261222973349
1.3823280558781954, -0.7984053619232899, -0.42256285166763846, 0.3079291615138866
1.1784491499061014, -0.12046761072246656, 0.5951875410451336, -0.14135679914981397
1.1883453641149058, 0.56701385091392, -0.09235764150147127, -0.28658343172877315
1.2544623503209154, 0.6685100521396438, 0.017419481690166994, -0.3556215125924917
1.3494718071706244, 0.4321184203035536, -0.03263253737554572, 0.7957907681590345
1.6254537389731065, 0.981799246132074, -0.22594009091175526, -0.7919098264038217
1.395535054402688, 0.24840023623983407, 0.02616212740156948, 0.9408139846922622
1.4441436994691217, 0.9034012838689053, 0.006668318320327262, 0.5190112508907232
1.5010649759086019, 0.6531994205886149, -0.909044327908296, 0.012844794274100927
1.0392930170309203, -0.13684358359886858, 0.0938750656207349, -0.22932788956373168
1.1299231239215415, 0.11018553960672374, -0.3806207356673309, 0.34599605259923166
1.0222563001877185, -0.03082725590982976, 0.1450510841693872, 0.1517162039725426
1.0159062361447293, -0.043212022332694985, -0.1629693267567918, -0.06032578470361809
1.4000697422506572, 0.5406760069036032, -0.5695950896297414, -0.5860257439688834
1.1712407018155206, -0.027391009759725304, -0.45801593084347747, -0.4015917345604098
1.4466432587365512, 0.3044238068516607, -0.024738876358143348, 0.999745393520964
1.5010195442334946, -0.7358376250312721, -0.4180756152536659, -0.7326769012938331
1.1860927974150297, -0.5322343894317602, -0.30078934018570286, 0.18184733051838237
1.02773898319488, 0.051775417865578696, -0.23069313301029407, 0.01863872488088892
1.0491950677568442, 0.006273766311745782, -0.28790413748350147, 0.13372411032209536
1.0752965711869398, -0.012674885362014136, 0.39508423972144296, 0.0032414211665070178
1.2257925888513554, 0.1728051548826554, -0.04601539776781797, 0.6859944843052013
1.352610460420501, 0.792311019015441, -0.41800589983100633, -0.16452773168114732
1.240260566442621, 0.2970016594597166, 0.4063684466736441, 0.5337611567909331
1.2426333027807586, -0.6964381877423728, -0.1083146059827291, -0.2176679167097036
1.3357172925827983, -0.5723005358284713, -0.45823224218851233, -0.49662460129765434
1.0452538268242506, -0.14269470623431144, 0.24362533935906516, -0.1133158299869193
1.5337419945966084, 0.8617666297422779, -0.2606096322948682, -0.7360743178558483
1.0094786515778391, 0.0019257971233423681, -0.11998680683868157, -0.06816601412367544
1.0428526149130768, -0.1856541617804359, 0.05737902562789312, 0.22311825578073877
1.061582948515914, 0.004020996824009565, 0.32938512185307306, 0.13582205147220908
1.3648294146512836, -0.04908798425559985, -0.9036377674374143, -0.20925698592833802
1.469669599119747, -0.49689831887585145, -0.48040144018399056, -0.8259753310749048
1.2856637166490894, -0.1261297575484834, -0.47198595081132316, 0.6436239109957322
1.2364820851321763, 0.27744934081253253, -0.07833498608543836, 0.6676626693851466
1.0725623841211986, -0.06855166924271756, 0.16880012482778975, 0.34234084526084435
1.0177885461993537, -0.07770353064220667, 0.11495627791665831, 0.1289989932824189
1.8050961161451624, -0.5114489228308965, -0.9338216779194746, -1.06055130083609
1.7221485115737896, -0.6717952253129372, -1.1871277101768634, 0.32436780187434733
1.0158638525615542, 0.09731575415558938, -0.0044263226764603295, 0.14996472452512263
1.1635759522267342, -0.015789565186187446, -0.5935257331131054, -0.03724097694922778
1.4601957100127796, 0.8336923817689226, -0.22749217815956094, -0.6207864632837969
1.298634364369959, 0.6017057946669305, -0.32139373660291776, 0.47022060254652703
1.486590866729243, 0.9895008305740803, -0.4702865202673669, -0.09834175202231141
1.2692040519113867, -0.04697943047084801, -0.6339992542510122, -0.4546611970578499
1.073321923271399, 0.05099277005077935, -0.3595412842886642, 0.14194982659243108
1.1379234533461875, 0.2570028966872845, 0.1265769390799924, 0.4612998756370936
1.1087434297121712, 0.353083458226538, -0.18603843803542183, -0.2646389314330712
1.0826243579424093, 0.41205230152780187, -0.042164086442058824, -0.022596261424447064
1.3489075914348196, -0.44407776648666847, 0.41230101819676895, 0.6725730428262834
1.1560455238993042, 0.27273591434091593, 0.2486499640663517, 0.44747018864505733
1.152840405893082, 0.47320328971366665, 0.3220696696507437, -0.037293108679091226
1.1563978691916723, -0.37159712323231536, -0.4134651744541946, -0.16798261633297012
1.210951097677826, -0.4768969259533756, -0.4733263125994457, -0.12220509311957364
1.148562045388489, -0.003930494560186107, -0.5641953770111733, 0.029375157509733765
1.3606074555969108, 0.7975575260582543, -0.4378786987131063, -0.15302576929083958
1.1570179536199103, 0.42386724066026676, 0.28590546379261955, -0.2780021098254174
1.5414447939597726, -0.5344502121063173, -1.0083090354343274, 0.2715288431579508
1.1208414019360315, 0.010722382254597812, 0.5054400019535003, 0.026474199477240053
1.1773925948285089, 0.18437299421710115, -0.4095524022607816, 0.4295657704739202
1.1354337340949943, 0.2987258168605206, 0.21506906471030077, -0.39206880552596046
1.3464322619250797, 0.30321134215009005, 0.5112336454091019, -0.6779254219646496
1.0779390792494978, 0.27352050378611154, 0.06479978214177114, 0.2879933693962868
1.0808041104617998, -0.13869663252266493, -0.07836154808922385, -0.3778362569937609
1.160037829581236, 0.47647557137975327, -0.2669581315106679, -0.21769738619977708
1.27495003365341, -0.011422922396695902, 0.7682798411952221, 0.1873851402053939
1.4849422942981687, -0.6472639348293056, 0.5406625968186546, 0.7026997740615141
1.8172808683300965, -1.4472936284199833, 0.29952826735631, 0.34370586929529695
1.0173870354385852, 0.10992702599593729, -0.15106869868614015, 0.01306434504588099
1.4989211651892267, 0.7370562277642986, -0.7884428013574796, 0.2861306092567892
1.0582630290606507, 0.1065947165221072, 0.3050832534933008, 0.12442834694770176
1.0904782154620747, -0.36987155620468615, -0.19166789503256315, 0.12490471697202339
1.5021301291864326, 1.0555640060059035, 0.10030308041461986, 0.3634815625224427
1.273228579789423, 0.0010708375435568211, -0.525791378625576, 0.5870717978770249
1.0654817978548223, -0.2482559700501782, 0.17525469095217092, -0.2071381862275727
1.0141917291198002, 0.09898935507967842, -0.13701820918617727, 0.0034614082874638774
1.189980648502635, 0.5201403496111683, -0.16760074459584154, -0.34266302824793166
1.1828301738337383, 0.31663849249570647, -0.27558262084393564, -0.4721032771442975
1.228266995648127, 0.35669117433001746, -0.27804457121431686, -0.5514548351150758
1.2671084146146465, -0.6238508351379525, -0.36811044588330116, 0.28437399585144796
1.4718286374894478, -0.8902617807595911, 0.608539974617017, 0.05824602257602384
1.118771619457565, 0.0033484229460203113, 0.4880305965214998, 0.11603818951684049
1.2775282021812715, -0.07801995668758877, -0.5197378164297946, 0.59654320539234
1.4747699123707578, 0.03625268236520752, -0.33543972203107786, -1.0301030192845246
1.2368004961893213, -0.11746296564618054, 0.7115895179496171, -0.09756165752992889
1.4519595468545872, -0.8911232924166855, -0.45219976918779586, 0.3310606774612908
1.3275448089172466, 0.7849513474413056, -0.06891608272214605, -0.376134517660161
1.3600739492141782, 0.7317738143708075, -0.47333706314192664, -0.30043344785230874
1.2925705717566525, 0.31660527537340494, -0.3857309717534155, 0.6493931012932119
1.2455105990614717, -0.5140870270835549, -0.10678382809663364, 0.5249841854912267
1.1999370119457027, 0.32116589545912644, 0.1756202522971575, 0.5530450498957583
1.3113771170622408, 0.3991162724255151, -0.18156041345467158, -0.7262588798120162
1.4934309252970304, -0.1081857394563357, -0.7794073930559149, 0.7817646001589049
1.0310132043549967, -0.03102306501942068, 0.06321828155330832, 0.2408926023534257
1.0932323685508216, -0.3079623033982489, -0.31509662215968065, -0.03209906597463213
1.2356591188358053, -0.024857326353616847, -0.7246011839535738, 0.034477463678575564
1.009072477900397, -0.08801503340639784, -0.045089622193398855, 0.09191052997874902
1.0192763405049228, -0.10040095548532586, 0.08172796023412628, 0.14887728828370592
1.1664335122160305, 0.5018293255417191, -0.14736221229119154, -0.29498956733351395
1.20880705754757, 0.40673838217879865, 0.4258874740818973, -0.33822810388778934
1.5444307482961508, -0.524049266728603, -1.0138000476785007, 0.2878335728348795
1.2316431712763183, -0.3378129284144893, 0.634642353241158, 0.0075106737473080035
1.2721993905180373, 0.25523167830130855, 0.37032170992997654, 0.6451433257660668
1.4504704325224695, 0.9500521228906813, 0.05341428270338145, 0.4454350163784982
1.0725680932216726, 0.037255313728396425, 0.34705755130477645, 0.16901305357428972
1.114884379482586, 0.23349586812067896, 0.19543232133834146, -0.38762490498050883
1.1918483172331584, 0.2948638360676121, -0.21592922757599162, -0.5356606184417887
1.2318209780653746, 0.4986301659487133, 0.41085561823089106, -0.31614639105326997
1.2485397969879057, -0.14797191369328522, 0.7098519409860926, -0.1818410275455589
1.0483610267002799, -0.07053915279006807, 0.2823933194164478, 0.11974591173265353
1.3215523436458005, 0.2625967012241909, 0.2045166232106053, 0.7973183306135714
1.0681164749236232, 0.20961279909849695, 0.15823675929077027, -0.2681350526628606
1.1499656587143652, -0.22450868615057185, 0.5122311078140287, -0.09816393560224036
1.5188511584536752, -0.4870710710357848, 0.5888061285867676, 0.8502811042442302
1.171968133149018, 0.015868452674165832, 0.5572246749199828, 0.2505157859034867
1.466620723808981, -0.4174585784225875, -0.08055419583362376, 0.9849952813800531
1.0812624567461342, 0.01871173620449173, -0.2545923701907784, 0.3224299867219875
1.5319806564516787, -0.8913572583604342, -0.7383259601531801, -0.08556720326253343
1.1668574361876936, 0.24917858302687376, -0.34770816176190034, -0.4225699284040418
1.385331228855242, -0.4954373201580103, 0.4708717670174297, 0.6722828678927548
1.256346794041297, -0.3981266307112301, 0.6479230745686221, 0.009906677440618942
1.3786990734391302, -0.4178070496735402, -0.4238531445796711, -0.7393219299972997
1.0383622876494667, 0.22125157619365324, -0.17075316074104224, -0.00934550915689067
1.3561313119721694, 0.826837634670671, -0.359379684399705, -0.1621046071039809
1.1432120236221779, -0.4456797756666505, 0.2990038947408983, -0.1374770506150493
1.1429850276329678, -0.0849932715150126, -0.3925797984220262, 0.38088320921410124
1.3304820533505488, -0.7339968947269646, 0.46441217304274107, 0.12550851106114286
1.377576478086343, -0.1832301253779601, -0.6145399021451959, 0.6974843244131893
1.3793837462804677, 0.8091233083060994, -0.11634381243793981, 0.4842345596567182
1.2881069892026735, 0.5901382945880539, 0.4063800927538218, -0.38185288935252953
1.3310741841738356, -0.37642295041983476, 0.7906517142158791, -0.07024324151660961
1.0619451452496085, -0.07218394337695475, 0.1168180731596988, 0.32995531155145796
1.2452728428296858, -0.2484469715464901, -0.1032429427261044, 0.6916064272371673
1.2460734853793232, 0.027311886851875838, 0.7137371425926637, 0.20623404928775513
1.0541591780786879, 0.29411867269274994, -0.13212533397847961, -0.08537373848008013
1.433379575171154, -0.16780419663419868, -0.6584914724198521, 0.7699400878380892
1.2909010863111015, -0.7951182355509749, -0.08763043900884208, -0.1628911056276666
1.1339603060881989, -0.42323356563836045, 0.2681932392139059, -0.18657896757307352
1.066588582690115, -0.2430346259632706, -0.26756015646300685, 0.08340826086960886
1.2174803563253966, 0.45177479150188676, 0.5168682473062052, -0.10490553240059933
1.0896329450047908, -0.1781782618707509, -0.08598279294074923, -0.38491482324618215
1.374881286346038, -0.7841137661201308, -0.5097167994439016, 0.12511170085210221
1.2635626029404847, -0.6111593068935834, 0.46416408796618425, 0.0873295630906752
1.2802146997140917, 0.2767286239515689, 0.30035701649373386, -0.6871365284227698
1.2505201473592833, -0.6408544124182248, -0.3813122276903436, 0.08779092236332216
1.2547419474193084, 0.154761740213957, 0.1772983967096019, 0.7204106029923149
1.2192402662621, 0.643352892298891, -0.12263132319963567, -0.2400113360152694
1.1834587554556302, -0.005913789625436955, 0.5700798422032366, 0.2748611039605064
1.3185515073583025, 0.6002146163397991, 0.5952629418774623, -0.15486291330175975
1.363038719138239, 0.8789029043452683, -0.2382855450885838, -0.16918697823798282
1.0066225695007458, 0.017222292722318965, -0.044249395380004476, 0.1050446622640801
1.0858838747870427, 0.41750061257656046, 0.05849994713704293, -0.03761361729057446
1.2018679306730082, 0.1491300469153053, 0.29107363682280035, 0.5809672020295178
1.4218771403031727, 0.3043114531501342, 0.4640598350676244, -0.844853603339295
1.0935239746594723, 0.4081406455096996, -0.10267687535743449, -0.13665048812503366
1.3175480572280054, 0.5749169943236198, 0.6361657391070324, -0.026391004709736415
1.1540596198092288, 0.5311035710964582, -0.1387661570250033, -0.17471850648206497
1.5770403106430273, 0.050070212773943266, -0.3830005655420916, -1.1566588442493606
1.2860762508866184, -0.8022992258581405, -0.10140900388022599, 0.004928408873961742
1.0991176111998888, 0.2604677546805093, 0.21653695362172082, -0.3054960224580156
1.299037641409389, 0.2317790465703684, 0.3446200430857897, 0.7176449632464144
1.10665140690572, 0.03402595908364732, 0.44969798256608756, 0.14591536927561208
1.2817355846608152, -0.05167595759200985, 0.7702594284314287, -0.2165089312366568
1.2984811544774568, 0.4707335098984085, 0.5896010434455404, -0.3418097142559936
1.1815463824188417, 0.44826547228391717, 0.4098195954503435, -0.16479629653012515
1.0482401499118712, 0.14982988720972115, 0.1530663834326171, 0.23006325010492962
1.2069481994596578, -0.235230580401339, -0.0051022338442948635, 0.6335333435840274
1.4853696487014945, -0.5516896932416493, -0.9014653361935567, 0.2988674008585974
1.024131258038635, -0.14116181656628124, 0.1192054726495858, 0.12127749389682166
1.4226138985280268, 0.8815095177384771, 0.32813230845746405, 0.372961744107843
1.070348822278769, -0.07235751310595871, 0.3681892372293931, 0.06962526293742965
1.2011254422505293, -0.2490375160535813, 0.02192311238640975, -0.616605239000355
1.0195533289795384, -0.06802469763087894, -0.09036409787865751, -0.16338898665473955
1.2991265650006758, 0.6517243088880524, -0.1699636279111982, -0.4838363589914564
1.0733206966356144, -0.02391848076738594, -0.32635348713730783, -0.21198732400183717
1.2970953557653413, -0.6714312557809969, -0.4076255578297069, 0.25588637187703317
1.1120827013347225, 0.2840086567209471, -0.21011245182405952, -0.33454413027877067
1.3831013549664999, 0.910527711400993, -0.2707471546818825, -0.10297875078239364
1.297711296261973, -0.12537308574925038, 0.8143590685736195, 0.07180184710401553
1.152964912394025, 0.3432820826594149, -0.23976619914423872, -0.3924253695732502
1.7289319322072012, -1.3317640478382025, 0.27477514245447127, 0.37431105805260134
1.085098066635951, -0.29362057215513643, 0.3019370351373893, -0.007668157328345143
1.2933768192662591, -0.6158713165441086, 0.4579885845141373, -0.28943492278622557
1.5558177760784022, 0.034008601653452764, -0.38264888907651223, -1.1282695578024045
1.2777838379281108, 0.3918881371314213, -0.42883840084392805, 0.5433717423712602
1.0245862468759703, -0.007674505106771275, -0.14916993266089043, 0.16572993226541313
1.1070362712588901, -0.010852175775400779, -0.4092109616804198, 0.2407445222727044
1.3224037629694454, -0.8292153825221245, -0.07846370275899991, -0.23451441118571628
1.344642203752422, 0.2783284718831162, -0.5276228023509216, 0.6724656840990025
1.4723769608621675, 0.6312636234290853, -0.8702765623166866, 0.10963055092055933
1.1081566545533816, -0.049996535678273384, 0.43875697090987753, 0.18166958449091838
1.1419120457233543, 0.17628082063490388, 0.26023809579681906, 0.4529506881995286
1.120505873075944, 0.1377452177530483, -0.45702383235383814, 0.16639976936420206
1.2213458110080504, 0.17747958124608182, 0.021897091340435885, 0.6780170393865159
1.1082671349318356, -0.12730791389571222, 0.3838267970117279, 0.2544125140893413
1.1458348482390897, 0.4663976062524675, 0.10099874243152329, -0.29190756473294266
1.093820361731308, 0.3942667058485732, -0.10703631860756962, -0.1718719723988274
1.1142944083531532, 0.3538220254001864, 0.3101533416512444, -0.14236188918169027
1.0584028103992211, -0.10505434693927358, 0.31914838097419296, 0.08558273290613971
1.3353585247940891, 0.6079325641581551, 0.610965327853751, -0.2008027772140986
1.0635884275727512, -0.06468378953646418, -0.35526625350439134, 0.028674723343625523
1.0637231866444177, -0.2537717788829279, 0.09908069675460178, -0.23935312318449392
1.0406680826529997, -0.20138634140357536, 0.17713647319388404, -0.1051487974880629
1.3398917315917707, -0.8841789513390524, -0.04633931825649337, -0.10672442073157618
1.460518278949085, -0.35508300454395586, -0.04033248530360238, 1.0026978576109897
1.149151300792137, -0.4482769069323303, 0.3284304470012533, 0.10830497821430174
1.24837810143103, 0.5162082316717783, 0.5402454916146098, -0.010571399005204473
1.0820083451967264, 0.36740806217984867, -0.16553461844395922, -0.09138744452723956
1.3591085699050893, -0.3056715806454474, 0.6644748572612847, -0.5587612671282485
1.0870680542307012, -0.024797610908271102, -0.2778984674635593, 0.32229563261634464
1.4097402495188494, 0.5337160094069243, -0.6286821866825087, -0.5543225600355036
1.1442045177280233, -0.4800899056850159, -0.22411654232873934, 0.16878814029185124
1.3182638196890009, 0.08350709426520045, -0.8165835913554349, 0.2530559263038064
1.191450453016891, -0.2076493574462366, 0.06854162102337608, -0.6097031839623339
1.0391114302345994, -0.10050354739795209, 0.13355148154256782, 0.22763040917770097
1.429987836989716, 0.7994470565782597, 0.28017866273008757, 0.5720572826366811
1.427051563595672, 0.9866072361337264, -0.25037213422130344, -0.019902793142961405
1.3499041217282148, -0.15474804819991225, -0.5554232375315952, 0.6998565614803235
1.1309879077183946, 0.34043378662156804, 0.29989127098794505, -0.2707465787724155
1.782592291004307, -1.1247452120622325, -0.5855963279169046, -0.754758520734483
1.3210571904409856, -0.6365557282606057, 0.38073187377929535, -0.44162443945387214
1.0962186392977729, 0.24780375248392902, 0.2152844268488172, -0.3064983212925
1.073298331132443, -0.04545329346141503, 0.10141271709056222, 0.3736559467444721
1.093733882685149, 0.4262655056342781, -0.0982391300251583, -0.07000427252521457
1.1714005251229296, -0.4603576321699323, -0.3988426648285821, 0.034271992553745245
1.3130225620577902, -0.11092396172754655, 0.7367843280570465, -0.4109415738483946
1.4130801845368515, 0.3252161933155185, 0.43472567965790865, 0.8378804323899889
1.2328693888550089, -0.1273889406009535, 0.6867856104340582, -0.17906566697445803
1.3592694485223509, -0.7555310806109687, 0.5219318799382752, 0.06613117737630116
1.27727028026249, 0.41566065234416744, -0.40399808744864113, 0.5435357727624568
1.071479461630495, 0.37525273866282166, 0.017249826389517577, 0.08340301140581906
1.2218771807202446, -0.1371090212227734, 0.6828175554133181, -0.08913555454231759
1.5134155316190794, 0.7860868733026379, -0.6909546603464345, 0.4416736989143524
1.0403625771511182, -0.07153865491164989, 0.14567963775116594, 0.23667267678090206
1.1481873617281435, -0.19137520046056802, 0.0019914320859930035, -0.5307596296622029
1.7658989088887458, -1.3496154576072317, 0.3334315035824733, 0.430999426241865
1.389207989283576, 0.08190889036633438, 0.9399693581809176, 0.1991164906511406
1.1929352379958122, -0.08451596551634512, 0.5074474569924029, 0.3980560413018605
1.3516656232492295, 0.21672794367755668, 0.24376081442250158, 0.848887283951824
1.1953844589008407, 0.5098991527359186, -0.19596748323565755, -0.3613081844286539
1.2114995637310195, -0.08010403665117283, -0.6790600715676562, 0.013854798272364771
1.1054156179850128, 0.2221150917759228, -0.19453372977222733, -0.36710380340098225
1.185768386871299, -0.0486039331096758, 0.6131129253271583, 0.1666639306700964
1.307049196567681, -0.8415728951758785, 0.003599632657226327, 0.010941069337277457
1.3276309330285945, -0.41786385464544656, -0.05205569954658788, 0.7650384941033624
1.0204929920472645, 0.06508806796736231, -0.03852170293643426, -0.1889062429585948
1.0494881709255584, -0.02732593636684476, 0.1509841622445063, 0.2790743572341852
1.348728807372794, -0.15210424535146586, -0.5678074437322455, 0.6881339994692557
1.131769526569508, -0.12979093947341006, 0.17023734716965985, 0.48484618069096386
1.4228447558380057, -0.595116587079057, 0.8149498684449745, -0.07861398680010939
1.2959799110008685, 0.7434743959808436, -0.3267429848259769, -0.14159369373581032
1.2770163556630465, 0.2055062640162657, 0.3633775775792271, 0.6756439033941313
1.0080338882862543, 0.04524412263718048, 0.012233233011421627, 0.11804930033839445
1.1195786058780215, -0.08328776051077093, -0.40626301914894924, -0.2854290856953003
1.2778121622862895, -0.6136062597366496, -0.49857985276421274, -0.0878032488942058
1.292858034603079, 0.7436627576229652, -0.314643826680091, -0.1394520092879687
1.2726292630152043, -0.5146819023251324, -0.2653458096205738, -0.5331785646651663
1.4464174654702069, 0.6539685246191442, -0.8063787440377634, 0.1191720369415399
1.2360614144930302, -0.24778873889151226, 0.060074344999237674, -0.6803231837516469
1.1461770348638773, 0.38813204029200765, 0.4012599427887301, -0.04545077404509441
1.381964869889461, 0.8505827169169461, -0.42319973181257486, -0.0850760264971637
1.2580546959969792, 0.49188475742931276, -0.16940254820653422, -0.5586177406687786
1.0970678229332564, -0.22064005542997892, 0.14206084317408646, 0.36700748070310296
1.2671782843553596, -0.3751204402830508, -0.28191222714193265, -0.6209274964208928
1.2003954979170193, 0.6213629886767843, -0.022672611279999616, -0.2331165811774213
1.4225839517785823, -0.7150905256945089, 0.4253355187222697, 0.5757432903935367
1.539428025748724, -0.9587067983784255, -0.671044422364217, -0.020476924023821824
1.1642555670927737, 0.4000675502525078, -0.3127469247165029, -0.3124521432505191
1.082630450567868, -0.024305696777307956, -0.35908684607558206, 0.2062875725206106
1.0444461620625562, -0.023489800648941357, -0.23090176643304383, 0.1923548516954442
1.226061218353435, -0.32770530421015415, 0.6149043537504362, 0.13314646252003198
1.2278714728153488, 0.41433077457870443, -0.30119028712461404, -0.49526030926426695
1.3405635045939615, 0.16950874445488368, 0.2728518737368918, 0.8330240995318444
1.3273837052131388, 0.5833576072355791, -0.327789026409925, 0.5605316736019246
1.099781092257267, -0.1112484301839343, 0.3598020716359651, 0.26016284691451486
1.101945683844069, 0.22279548540122596, 0.3031439414731007, -0.2697224732490021
1.2284137682255651, 0.5513909984986288, 0.41576334676876786, -0.17919037983231847
1.2872059540303624, -0.37996296353796544, 0.37233467592003866, 0.6114688900820564
1.435258148417634, 0.11765050098476806, 1.0018421881470903, 0.20600131617516082
1.1900284989722345, -0.4280570090713725, -0.050606035101803414, 0.4799729727414404
1.0651088275357738, 0.32539070871143516, 0.07764725022819881, 0.1501619316301578
1.3070925444126509, -0.0325191141410686, 0.8244338469978352, -0.16656007564530012
1.2407095477846277, -0.1103533365137341, 0.7231939657533228, -0.0645972985673827
1.196957389787295, 0.40513606317551665, -0.4139937756395342, -0.31173853950511365
1.4188095669067675, -0.05707916704439002, 0.956056609226749, -0.30938376781844734
1.0432992262916565, 0.19654203372769932, -0.08957709364638611, -0.20450048619212494
1.0971913475231723, 0.41747270288883775, -0.16981436917797657, -0.02661720201465056
1.381731654133348, 0.314908045543273, -0.45947950469679455, 0.7738823370834755
1.0848415923320713, 0.409703097905848, 0.08957288562992365, 0.031644117618662475
1.227966558708846, 0.5845248511090907, -0.3767091620960563, -0.15595760621408614
1.2952680585577219, 0.2516396083930182, 0.45431185413909686, 0.6387468905571237
1.1454642965967488, 0.422599158981706, 0.3631606901184054, -0.040158669780791315
1.0446142184957086, -0.023734104435988803, -0.24063978384764986, 0.18096422906137483
1.5507716201070958, 0.45601813974057664, 0.7403710532042688, -0.8054754977864521
1.099370546124921, -0.1470267824083772, 0.423614493897669, 0.08688776381901361
1.3870451599267581, -0.5382012104045395, -0.10881329967324137, 0.7889191331242741
1.3615597517668492, -0.19433683485375164, -0.5696274371875195, 0.7011438761435548
1.0924212140055534, 0.01003815358427881, -0.3878905704385095, 0.2069402079028462
1.2103019221952458, -0.2145291475521444, 0.6383277321941688, 0.10651616793663947
1.1390648472085776, 0.02538012684189374, 0.3959401910321276, 0.3742404847597755
1.548564323897643, -0.5887311595094682, -0.5714404283000706, -0.8514123113835228
1.392281802970964, -0.0008784024758075994, -0.312054967141385, -0.9170984378874267
1.167145275053843, 0.41478100169394244, 0.3977926102813086, -0.17873402843292974
1.3008967152872266, -0.13336621114435257, 0.771940161652667, -0.2804533907759899
1.080980968353548, -0.198519749605327, 0.35366106265990854, -0.06351075277051078
1.3824187300939206, -0.13611524894629629, 0.8734260564345049, -0.36011263274154254
1.4108447248518143, -0.4962401355275009, 0.5474029353535345, 0.6667672696677404
1.1628896617164768, -0.14548392609926386, 0.32635158255459296, 0.47396353988246664
1.42915349651399, 0.12312319734805402, 0.9778995237606862, 0.26652001107154816
1.03424138204727, -0.016374825895649987, -0.22364885265442563, 0.1391700115768244
1.1531610490986224, 0.31877993862840837, 0.41106494317209746, -0.24328043156247464
1.064007055028015, 0.23814509892285865, -0.1532382626860398, -0.22785074030464614
1.457268147302222, -0.3400124003077348, 0.03617231540821436, 1.0033511769946912
1.0243235866401195, 0.02848159940909217, -0.131883725890323, 0.1761655229824053
1.1845632763511318, 0.427752418044461, 0.44456478107994035, -0.15026702885260348
1.288279551792159, 0.5624725286625049, 0.5230719674492563, -0.26397836073166697
1.1243372227773079, -0.015130374711292211, -0.3544743750981173, 0.37182412466445014
1.2772040027462472, 0.5276162046888178, -0.5622842773250403, 0.19159226668595064
1.2211315358727168, 0.42978841656259564, 0.5329417940601984, -0.1497237089955175
1.563997316072202, 0.8421463073520962, 0.3181163974064162, -0.7972949011472753
1.0667717779435604, -0.1501885642139733, 0.13291514389729775, 0.31269631580652
1.0483154814775462, -0.21451855114197596, 0.10611346268089174, 0.20417412411791555
1.342593322766779, 0.36630681095268647, 0.5150261939010662, -0.6349206014797398
1.1270952585059624, 0.5187528757352458, 0.034560745772447235, -0.006688087520906173
1.1383743017105539, 0.29532384984677024, 0.29950873942849754, -0.3449266436688035
1.277434409542722, 0.24896737549399323, 0.0010891936136398286, 0.7548859054722558
1.3873168363413197, 0.32231125783427167, 0.555890503274112, 0.7153664835865824
1.359390474020234, -0.6576398355054657, 0.5177194767485318, -0.38395162587040454
1.3596287213798812, -0.39406630338788007, 0.4760912630044152, 0.6831098870797894
1.1780735150243753, -0.6010788359308475, -0.15782530182105556, -0.04065235421223495
1.1030200522710076, -0.3605833072347429, 0.27914957064937707, -0.09331897696535167
1.1442870325147099, 0.5188578691368186, -0.12390443388904492, -0.15756590899923686
1.535954143902239, -0.4450754882778355, 0.6572425831100834, 0.8538706745470835
1.4905549767437445, 1.0423085656761863, 0.12991502466620777, 0.3441933743981347
1.0764681922970436, -0.03628098530769803, 0.38686071367896596, 0.08835297020569438
1.2601608471123504, 0.7303970200734768, -0.2296695701375012, -0.042159722669359606
1.5998591860735747, -0.8896311736352239, -0.4984004126663945, -0.7209041675662465
1.1323463178621644, 0.08266253410325321, -0.5196439515609746, 0.07311123468883401
1.1318325823381306, -0.04701639760362105, -0.5153449143779107, 0.11512633071284407
1.1683586368094854, 0.10544888556748991, -0.41704895153933047, 0.42427892801768796
1.6376370695790878, 1.0615944007267437, 0.3139442392625302, 0.6755083379493396
1.0913581391885216, -0.41394820140880173, -0.09742821327847778, 0.10108025415883298
1.1828751057410298, 0.16008585349685905, -0.33818963063460933, 0.5091108023046272
1.3253448553923728, 0.047881295999655564, 0.8603337931735764, -0.11862601540972582
1.2618139557512615, -0.09978312789927432, -0.7596214580762055, -0.07206265846791443
1.1540390833589698, -0.26759419816948093, 0.5065182869595027, -0.06032226787559089
1.051718632326053, -0.22655806015516644, 0.16386229618717107, -0.16713071186583003
1.3310895168502648, -0.11792985126353826, -0.8638170208205747, -0.10822202451579606
1.3077875902412532, 0.7964724300698355, -0.2589340652058139, -0.09430376028380841
1.280398247782239, -0.21087186559696786, 0.7668183675250255, 0.08332058839048996
1.3190271727559004, 0.0018796627562541282, 0.855771320993156, 0.08651355675254387
1.1449002752292006, -0.1271927452832533, 0.10098822539163103, -0.5333104387685073
1.600039044476478, 1.1692028291869145, 0.1778847587789573, 0.4018043064287237
1.2093082674640734, 0.64457701277202, 0.02550946354298692, -0.21516558189591314
1.106755148271682, -0.11308119014371694, 0.37468229406693687, 0.26782976155440785
1.309161880545424, 0.7331125223387233, -0.18462230068184793, -0.3773134839285858
1.115032825374393, 0.48836342450921183, 0.06602728131129258, -0.020970583842056228
1.014039695300894, 0.11133772375998353, 0.03150128318023256, 0.12201673685144496
1.158367902908083, 0.08001316602136423, -0.37810392611851795, 0.43869295960235066
1.1539044158082734, -0.27060622743866997, 0.5061514009193149, -0.045589799743565015
1.262071279178682, 0.5053606060361825, 0.542590683572626, -0.20743654859895602
1.0810230627708897, -0.35818065784438236, -0.19781080907172774, -0.03447263266866316
1.328804608972993, -0.8545321770691603, -0.06505859077980058, -0.17681579948369017
1.1855159374709512, -0.4210672699237272, -0.04548095432939025, 0.47548067783023046
1.1273809126507393, -0.17342777243011337, 0.034598152337176974, -0.4896054511685874
1.029548163961092, 0.08425158565821189, -0.1427267932206932, 0.18027799290725954
1.1572605643029976, 0.47313568407601087, 0.3390276374934024, 0.021328365161440734
1.0834965662365363, 0.0016233311716567888, -0.3677381974965052, 0.19680140229249748
1.1949217255907365, -0.44287495999354265, 0.4761969488487335, 0.07025785370062103
1.4594587059714166, -0.5592103735399649, -0.836869275813763, 0.34198433847181137
1.4484481561716052, -0.10523621441018934, -0.6672039111371438, 0.8011032026255006
1.2497940579785523, 0.22889338959221142, -0.3753831794626984, 0.6071906390384824
1.1417067814141715, 0.16632585873075942, -0.3390451333532799, 0.4010965980833529
1.4229646512252878, 0.9843902450936053, -0.23576247319064705, -0.014842514486643928
1.1045747726054012, -0.42429692053691814, -0.07670315874312181, -0.18486258934135222
1.2378282089300905, 0.10787254285903006, 0.5558391022378478, 0.46002726195696936
1.367374646938131, 0.626429705722824, 0.6803567534848357, -0.12005805622601588
1.547981415316426, -0.5494880456831771, -0.6614071323480333, -0.8104628030301448
1.6958974800628048, -0.950091206441253, -0.6629426705935558, -0.7306859638946541
1.1272016008150374, 0.44566377045710753, -0.17858981765661056, -0.20018224099883564
1.016276828382443, 0.015931304672936145, -0.06636677604332164, 0.16781012030301168
1.1320170060118702, 0.44126520178289763, -0.1909966609488067, -0.22420481507314668
1.5784860909327252, -0.45076406506296224, 0.7340887192680595, 0.8657620049178464
1.2711558762892625, 0.2967562753647353, -0.40835172482477855, 0.6008509330016895
1.4465171918745992, -0.6665545657739756, -0.17682569186170405, -0.7853977794291707
1.3809009135067025, -0.9208240779752026, -0.13348856925606054, -0.2028574677519498
1.2535193746433504, 0.6775667917136228, -0.10300812230516607, -0.3187528699672027
1.3120737099039694, 0.24955962347051058, 0.3567925439963916, 0.729353477473718
1.1369440387137302, 0.41231283305134553, -0.2518136250284317, -0.24337167690160985
1.038386839759911, -0.23317305424012785, 0.12984328734288586, -0.08377515440092169
1.3277522461176252, -0.7578363062319088, -0.32741724196618005, 0.2853210642249102
1.3961292213062229, -0.6558213044357015, -0.4904502279756949, -0.5277630084725188
1.768572989334083, -0.5576544633242405, -0.9211381076845387, -0.9840612301620231
1.0782082453500164, -0.3558961554933683, -0.11143996643633317, 0.15314072197319115
1.1777557047170848, -0.14643547680454821, 0.29816882580403486, 0.5260803193860276
1.36087268586839, -0.7895947070276923, -0.36950665436773106, 0.3032812195874715
1.3004821580779848, -0.434908612116742, -0.10347717369982375, 0.7009998695498871
1.4855795817730075, 1.0220704746063103, 0.14506190464507168, 0.37586657544884117
1.3436296492417283, -0.4658750370478823, -0.07325907693981698, 0.7635012716577558
1.29389164009541, -0.8153467653660247, -0.06389010946420971, -0.07268619145753907
1.2592386657707693, -0.05435838636830493, 0.7455329865923542, -0.16403581653488292
1.2294092461664965, -0.05533290253261273, -0.7098743340078393, 0.06681163352228767
1.106492805051978, 0.3583047613483568, -0.20233523658826452, -0.23453033420362263
1.4804437365341507, -0.538268779726517, -0.7287998377118203, -0.6089590908806181
1.3794120444452957, -0.10161958938025557, -0.9392580009649805, -0.10121983520144437
1.4758101361942686, 0.29619146877724994, 0.6602345029397495, 0.8089354566621634
1.0880981844009805, -0.2055892811201617, 0.21509738551507313, 0.3089074637003537
1.1247713365689556, -0.4854678365598128, -0.11812793300903156, 0.12440792047158131
1.3539597804321266, -0.13622659943233945, -0.8912721153628866, -0.14241986171696186
1.0434364647097847, -0.2506683909476032, 0.12506102685595533, -0.10141377237598269
1.2731976031493326, -0.010256010452672427, 0.7827061247313057, -0.09109376061455418
1.1550281991506586, -0.0883113154915861, 0.4674179485286785, 0.3283469411805149
1.4024267167685462, -0.8358428337385782, -0.38975553117412115, 0.34096639000530027
1.5058112047604937, 0.7491879476591113, 0.8341495759812637, -0.10187879246858011
1.3757041681939257, -0.20039629501321188, -0.5110686152698468, 0.7689032148569027
1.2844749859796845, 0.5392936720358146, 0.5619774265680053, -0.20789347497610397
1.1545210424908694, 0.19510972462742904, 0.25658294909137264, -0.47855639494795915
1.4416658300711158, 0.03617347538972728, -0.9872469735129116, 0.32005508676236444
1.0719283421973893, 0.2112206397326476, 0.16591786235292225, -0.2772859086019539
1.2010485689537513, 0.3299415930989761, -0.24216463727286203, -0.5244163408816193
1.491278789118233, -0.920198042365833, -0.3815624984384606, 0.48120478954955487
1.2731331732153366, 0.46362905950875316, 0.5887318604541227, -0.24353843312013085
1.3559696669363115, -0.7312504392570961, -0.5480653431882824, 0.059589532080607015
1.1753699806069389, 0.5443584209228541, -0.2898204526778138, -0.03424333646068609
1.3869819106076637, 0.8752889001835689, -0.3597664614307547, -0.1677982562421815
1.0755927278631272, -0.21128958886378052, -0.2784772479820729, 0.18629774079722167
1.1654905479956603, -0.47994391819667126, 0.33860263089073595, -0.11563006186594998
1.1164434999820074, 0.4172496333076334, 0.256829605156697, 0.07992112406476144
1.1771227594275353, 0.4015830271881719, 0.42960337316987535, -0.1994743211487235
1.1182317694009534, 0.4979441211422839, -0.0499393835981291, 1.6830464001373036e-05
1.2238255476604698, 0.4320178094772089, 0.5560319484019511, -0.04402335468013126
1.1657534089908772, -0.06365724778182434, -0.5844018364594477, 0.11577244456916282
1.1297326885737673, -0.3648915541296103, 0.3532018665663671, 0.13564122828633138
1.1076344226326862, 0.4153909347948685, -0.15239640220202558, -0.1762944187629538
1.284072886966795, -0.598452330382813, -0.10143905175636167, 0.5295357458013484
1.2824229299888292, -0.6306006572983924, 0.41621165599050935, -0.27151287224293286
1.0827187774194853, -0.35535352410160576, -0.18874437411056658, 0.10187926740473095
1.358523226372547, 0.5341485529801555, -0.549570364426804, -0.5081762435284347
1.3528744624310418, -0.14687182017205028, 0.823819546043226, -0.36058193950135997
1.2833200921486065, -0.11147561717423006, -0.2889379984900511, -0.7422927176771278
1.4163122191169453, 0.9539114443503757, 0.05844378554113611, -0.3042656442797439
1.415386903262951, -0.6191683548654638, -0.08379030085820655, 0.7828983457279576
1.5314086216716127, -0.4873060540198204, -0.039891088900840505, 1.0517385023246442
1.1667926570066034, -0.542131306028878, 0.25571467733601905, -0.04592118533844808
1.6798110742190047, -1.0522769231790692, -0.47854452927773405, -0.696759395711281
1.3096185223063148, 0.42906429524383166, -0.6997093224220183, 0.20349783446122974
1.415301893502837, 0.5384499128524818, -0.8442215997961672, 0.02100075092635451
1.335622467820411, -0.15930719664450835, -0.5927165585678705, 0.6381188563609549
1.1975270531393216, -0.06838833437213533, 0.636073470929502, -0.15749481992131886
1.2761548957872528, 0.26123640269569, 0.31502886201344066, 0.6790314249332693
1.4294553509490484, -0.5442309656438075, 0.5183726551373371, 0.6916972219093721
1.2975013479566955, -0.6572187670116847, 0.4500174983075415, -0.22148925810093917
1.1915100964498306, 0.013531378152008463, -0.6328084778134843, 0.13808201242223114
1.0829738744574497, -0.2140990261727754, 0.07279197055431219, 0.3488486043716807
1.4511353125104938, -0.05904178448098812, 1.0211349825948894, -0.2441129046592254
1.0607180904232751, -0.1920110026834257, -0.25634862075553516, 0.15013336350205356
1.2130970148139002, -0.6498024808390922, -0.2220528715928592, -0.007322940879335751
1.4117571271731721, 0.9484108674456933, 0.05606185750684128, -0.3007192723588537
1.4858525687950495, 0.9960322687834339, -0.4577787240469161, -0.07820623726372622
1.4467718024594225, -0.8830764180871149, -0.47555488528588347, 0.29524945265122493
1.2503349991368782, -0.2513152018924271, 0.108256903846362, -0.6988982201536824
1.1893408599211108, -0.24284922093483777, 0.4828689416829249, 0.349847855684785
1.4681499930958384, 0.9683082044367022, 0.16843964536140527, 0.4352834815593217
1.4254168713580688, 0.914978578396056, 0.022516768759172086, 0.4405910273180829
1.0607682205759843, 0.18886407577636108, -0.16591021830685918, -0.24906500783219532
1.4952641308734098, -0.4241240388137694, -0.039210581075500704, 1.0268379380937533
1.275106074764163, 0.5481816196040464, 0.5640326628031301, -0.0852031051075379
1.3850305593280465, -0.5667947313829342, -0.06623626019744465, 0.7698481282591815
1.2286769051558435, -0.2658379393368742, 0.05489478344590576, -0.6602754652589273
1.11032131453775, -0.3751780723492216, -0.3032455851421206, 0.009846351454841737
1.3353438366731198, -0.5121806743109005, -0.07195352501049866, 0.7180785536707543
1.442385411327161, 0.9537348212814665, 0.03625220054037436, -0.4117661271166115
1.1139228369407292, -0.08496727057932242, -0.35753766598683334, 0.32522525576755296
1.1851379831882374, 0.07019904367670056, 0.15403925783218234, 0.613103613191824
1.433346469392547, -0.7578631192281374, 0.536825066406937, -0.4381146447119351
1.1809415824644114, -0.2960148157533664, 0.5495844519844211, 0.07039304074290642
1.9691392696528032, -1.2496142757202415, -0.6783861870883232, -0.9250761084217435
1.0248349246039385, -0.04684215698314116, 0.06192926960340907, 0.2103739541471695
1.4485526607680244, -0.5515935302762045, 0.5390083935395962, 0.7095909667332447
1.3129038875871581, -0.10762781977579979, -0.27638169770151405, -0.7973368344855328
1.4954118273027384, -0.8115573855174472, 0.44660786222708193, 0.6149573649009797
1.1553850720524617, -0.4966936603558109, 0.2969475055150294, -0.005679036222807919
1.1204226499852636, 0.5002558492056224, 0.0679626275963024, 0.02172742934100495
1.0930079726309851, 0.3548327074005479, -0.2006140657111783, -0.16886140658103183
1.3993472792999562, -0.6865449429247926, -0.08426055155299135, 0.69262472442194
1.6648215357811649, -0.981591118149261, -0.6430673136997919, -0.6281512977159034
1.3397918729305744, -0.6483809928143022, -0.09602639508834081, 0.6045025081621204
1.1203220202121698, -0.1495179549767262, 0.14294083667015955, 0.4607968395333127
1.6107103523295925, -0.6131880751602313, -1.0549587545865367, 0.3247310421013579
1.074536373068925, -0.13132364631042584, -0.2978069022889174, 0.22066618661891418
1.0741723474806415, -0.3085460065267003, 0.12474232854147907, 0.2075691340699457
1.5575925579630048, -0.5846157956675696, -0.9961940412508025, 0.3031771433569913
1.4046266704969965, -0.6855623653825007, 0.6279627917463722, -0.3296104652839945
1.1311374082583778, 0.026149532279600027, 0.49404626265885826, 0.18629634638353126
1.2632289588269856, -0.40367334362614576, 0.6467192107684674, 0.12062129367490633
1.0769594672702492, -0.33520144320586803, 0.18027230337296055, 0.12240744769959629
1.3448061340153707, 0.8684784657654914, -0.20170879962292743, -0.11645708540772964
1.0943769443189741, 0.444405457371212, 0.01272569747419721, -0.001656001030755604
1.3350619901260115, -0.4367904879893663, 0.7609194970946627, 0.11227691669458745
1.283493023127226, 0.1317859768104574, -0.04611515382973665, 0.7923762927546726
1.029491774604584, 0.09264446887019989, -0.09821805671762388, -0.204018454314475
1.185983828755202, 0.4289235165498052, 0.47076591071370233, 0.031011551546092232
1.2083768167439035, -0.5162347131958432, 0.36033893517545407, -0.2526501611563994
1.157792216663095, 0.5106447734024383, -0.2718660899697404, -0.07624671459794352
1.505454656093162, 0.6750574105095594, -0.8787453474509334, 0.1962086348814644
1.1080726817029807, 0.12742976052387012, 0.18225181000745702, -0.42233991265125537
1.3696760435686939, 0.8453532596856003, -0.38573235470645617, -0.11225364670037749
1.5151191341050179, 0.05180721840156045, 0.5405576137712971, 1.0003496732875525
1.3803473014047432, 0.813725103204541, 0.06882648682765083, 0.4883370184832182
1.2619089084333355, -0.22916631042117128, 0.6702754076896376, -0.30104447046549426
1.3270543978916882, 0.7907128216926446, -0.017784178825772826, -0.368144443877699
1.4010410183645359, -0.5261024670206772, 0.8227336584181875, 0.09613249523713631
1.1193431481370113, -0.005204077448299711, 0.12770653533528636, 0.48640830758925646
1.0791591454496277, -0.12251502760839489, -0.3686483126237992, 0.11693139363451631
1.252429796111371, 0.5939579889580059, -0.0001562066776277498, 0.4645366262632103
1.1727788944278872, 0.10732847405683424, -0.47720513443721707, 0.3690070372484598
1.2330293954349754, 0.4758539639194179, 0.48570988780913016, -0.2408534822529251
1.420147316025151, -0.6611255817813813, -0.43412442198570433, -0.6255136693656247
1.2283981690088535, 0.6521116002907977, -0.17943008553966133, -0.22697437475122229
1.0542764282270976, -0.04542772947614741, -0.3228230709963708, 0.07225215112645911
1.347869644140521, 0.2677414343301408, -0.5206355982866885, 0.6884807010621252
1.230673172568801, -0.08211995364264249, -0.6091206037211614, -0.36984437405029663
1.3363172156162593, -0.8726446947867912, -0.12935906183534682, -0.08660929819562796
1.5085446833239748, -0.49037029780431307, 1.013076745710616, 0.09444331589227756
1.2039993885350504, -0.03038999255896576, 0.5967309640288805, 0.304307628090727
1.157798863913461, -0.574802518177947, -0.022479431003742913, 0.09795381338845338
1.4827989356979716, -0.7238007184944221, -0.11099778459500778, 0.8139316282274548
1.1198691852718927, 0.34154638145567584, 0.3666317381325373, -0.05508384545382847
1.050366582294518, 0.18098642888333485, 0.232553062956742, -0.12819103974366464
1.097737943752198, 0.33295536834684497, 0.3061952020902533, -0.020342420191055335
1.3544340366171421, -0.48360397408081285, -0.6944850060917106, 0.3439612363538181
1.1360927981478437, -0.18501312088651134, 0.28970792248935867, 0.41538694099613904
1.2423070405465615, 0.0751310504430315, 0.0839406250436687, 0.7284477192758316
1.3361990201848648, -0.12742443848591253, -0.8586130694532964, -0.17881395634438352
1.1877466080540653, -0.5240221971953343, 0.3455931461073489, 0.1292598899664407
1.4054406630313754, 0.9352850040144105, 0.09289030595643738, -0.30311187642049825
1.080474444085303, 0.3791660325692817, -0.10777151240587209, -0.10974263155613585
1.0656149651937805, 0.36574860714753094, -0.032026192157943764, -0.027157566725415996
1.2635780181926914, 0.49607286441705983, 0.5920632926699573, 0.0014760493324335738
1.3165929504838199, 0.2526796080899022, 0.4494542512960237, -0.6837842414908042
1.2417825133112774, -0.18395115908790582, -0.7043625501127397, -0.1098142952195545
1.039862234941258, 0.27415962531798904, 0.02907786907885815, 0.07283162110210802
1.0107333558758969, -0.034158292824690996, -0.12533620791388264, -0.06860001965905878
1.4352050115150072, 0.6860684027331525, -0.5715346364601637, 0.5123199500071431
1.2806678207409887, -0.31923744853148384, 0.697515524201296, 0.22730950713679476
1.282643106891817, 0.4522054854460346, 0.5474225882110955, -0.3755157100653375
1.028575878420144, 0.09054028401066924, 0.06899718981018396, 0.21215603323340912
1.2675582603803728, -0.6293935021553594, 0.45263822597320125, 0.07540821766201508
1.421281965898741, -0.8910046106322788, -0.3519984640337258, 0.319765995282346
1.2250602949231366, -0.16908391760089048, 0.5547828255345311, 0.40546192361036776
1.268110670788436, -0.030248791378522672, -0.6513044266138409, -0.42777590846242364
1.1458701828975897, 0.5549145277984501, -0.0337174041833136, -0.06286079499273
1.3454475441618725, -0.6547159395361932, 0.5794847858841032, -0.21394745975895274
1.3732300715696097, -0.4529692647287858, 0.8079286177210662, 0.16682632688357707
1.3282817691928368, -0.3794165883053624, 0.010972945947385444, 0.787562762797993
1.298476012744656, 0.5000466652933064, 0.6105060099200237, -0.2515466160651647
1.0083803063778376, -0.05591889164924404, 0.03716064045583948, 0.1110090385882779
1.0667369984017065, 0.3353649923749166, 0.09308353480543427, 0.129590127697214
1.2412804830359618, 0.3222351925640528, -0.4294442490955053, 0.5025130397890147
1.2541638168004146, 0.5515410334868112, -0.2177490010206266, -0.47044100619121526
1.2703696904413966, 0.7557188263922092, 0.018212542624657897, -0.20590412603854386
1.1729362805674521, -0.13997907265224557, 0.5685308907092818, 0.18154339371108263
1.5560593337648578, 0.7680527498789911, -0.8573576574759194, 0.31040855459773925
1.0849134137254968, 0.36148698494717685, -0.2011237486709271, 0.07689936746075608
1.070624659353378, -0.07124124689135485, -0.27158173312237394, 0.25962513012254684
1.163069289896027, 0.569177734546835, -0.035223940457408044, -0.1659100768911721
1.3514068113777653, 0.7793472978410975, -0.23134038461351725, 0.406693724604731
1.3166505983824919, 0.8325241263406838, 0.07680506716510394, -0.18593912697283232
1.3306284766804988, -0.1532452187814974, -0.47074757485312085, 0.7249032808889618
1.1348384615515128, -0.1841748926914754, -0.017631240026180495, -0.5036140209464259
1.2525150618515755, 0.10348848102549878, 0.3968512446994687, 0.6329243272624091
1.2779054141814177, 0.19489337895033595, 0.024692097795537105, 0.771005265054628
1.203302293648456, 0.5813963245189261, -0.047821249050929646, -0.3280668405595536
1.147615111346427, 0.5474979048301287, 0.09171735871702644, 0.09409789640190616
1.2861144873405512, -0.029915312498189274, -0.682677120177219, -0.4326054764007541
1.041977130209342, 0.17376420506570206, -0.10914268925476524, -0.20883058755703923
1.1367269610974977, -0.4031141641461056, 0.300929421223184, 0.1977084676816307
1.2727615353785884, 0.7360295039566883, -0.27705725239874857, -0.037706420378880647
1.0324162813290187, 0.051483379753299134, -0.2199069048760442, 0.121958159834657
1.619318339197801, 0.034275325545698794, -0.4162633400414169, -1.2032214748160974
1.1032867811923683, -0.35628973028460864, 0.26863093228958224, -0.13467283269006994
1.2911080905870054, -0.13273581418271396, 0.8025031274044667, -0.07300709361784649
1.1574907803146355, 0.22105706429336786, 0.30068570344452233, -0.44777984387805414
1.2065579279906355, 0.4892661354063138, 0.45737901577280005, -0.084882968093315
1.0497285798418956, -0.04927543422990662, 0.15645231933750975, 0.27390636117522155
1.2225155304499549, -0.6860371820461925, -0.11557028888218178, -0.10266798609665426
1.3420163502977143, -0.5761017737736208, 0.4648599320451089, 0.5030108093274951
1.1424160471287867, 0.33342347515729004, -0.311804238580254, 0.3110005269365094
1.4088423595922128, -0.09852345680636414, -0.9717695261442126, -0.17548193838036583
1.1543462212027673, -0.4176104760776501, 0.36941702430709844, 0.14713174649746733
1.157464259729987, 0.204846798980142, 0.12262739933323512, 0.531717803381308
1.0828939260992339, -0.40128497473396557, -0.1010347022650966, -0.037704285878092714
1.2744384831880728, 0.5527552735880639, 0.5613466333338892, -0.05954000500511027
1.2913081632835002, 0.30263817464094916, 0.46844493925816927, -0.5970311940728151
1.0083212657077563, 0.05577884423478607, 0.10084263313451813, -0.05857694731564533
1.065749166917834, -0.2516735615517589, 0.1337424134172648, 0.2336550278834925
1.1488772349715488, -0.46541210128732374, -0.2938035114811729, 0.1303455931457675
1.0043142759332966, -0.002880916928619119, 0.018266583162999634, 0.09113285412309499
1.0429450750194404, 0.2884864103156594, 0.06296238923216646, 0.02336146640663435
1.1482979331347687, 0.39899529585139826, 0.38013255089523784, -0.12202516494525249
1.0803088390134443, 0.4066528089856847, -0.03768883561864318, 0.01674013931659494
1.5403465904537368, 1.075263985561918, 0.13573844758046785, -0.44502814958651277
1.0853405364638484, -0.11036298993084644, 0.2517204624722594, 0.32003265351821564
1.3148239237807833, -0.08274338852603404, -0.8373258166000052, -0.1442253759109666
1.5293591659736223, -0.5380431525764039, -0.9677160054494726, 0.33611717794557094
1.1439012436663456, -0.4345429916913729, 0.33552156540929773, 0.08430731153712397
1.1435128444716316, -0.525938402407306, -0.15583451248531738, 0.08201235921076643
1.2428072079101327, -0.7372994359977548, 0.0066270269563111365, 0.0302552511887238
1.376533826184401, 0.5857171251517204, 0.7384229153816352, 0.0806995785190767
1.0290435735022134, 0.12781243590842345, -0.09030373521016444, -0.18557988253162838
1.2958729907850792, 0.07460433682018947, 0.12327427666210791, 0.8114951964659556
1.3920613853772585, 0.8621858064039725, -0.43912236669221844, -0.04052262287424897
1.179725605503125, -0.04463208976092823, -0.5148851782406805, -0.35306335702158337
1.2480839920506661, -0.0883049048491261, 0.7383986586527529, -0.06843475646576912
1.034876396895142, 0.14484010440673875, 0.00344764219189763, 0.2235589738065399
1.4251086764607535, -0.035646433280386684, 0.982563397416493, -0.25344277771415535
1.093489190196139, -0.07915025608789611, 0.3063696109785738, 0.3091787630253177
1.37851774912057, 0.8116421990230684, -0.11806009978931345, -0.4770848333820493
1.555840738806375, -1.0167373401142163, -0.4374412188101288, 0.44218860889098516
1.5062714314929215, -0.8159902636576691, -0.48446694424787756, -0.6068816152090508
1.0458571620531103, 0.182503820617957, 0.07413246301386592, 0.2345504994774737
1.2349896729912773, 0.6576347851505089, -0.3044915096192858, 0.0009499078450122636
1.5009311788404447, 0.705315946342757, -0.8226018887242214, 0.28044598787882796
1.0662097399446555, 0.255433329573906, -0.07890793964989656, -0.25559843652856423
1.0584551144958056, 0.1872674820137694, 0.12394276051712629, 0.26437910601623915
1.4740968883076992, -0.5868386531074304, -0.06910666973450819, 0.9076377578834542
1.0870129150359087, 0.3498752512057617, -0.16800328469640216, -0.1759525003510556
1.4993224986334446, -0.7553067582341146, -0.11285895176943245, -0.8153174307469533
1.3093875462064066, 0.7928638803002247, -0.27843626752519884, -0.09130092224255723
1.2721071740213048, -0.5993834397546678, 0.41134918232099654, -0.2996464659364099
1.3724403083845742, 0.29485920996967385, 0.4312111225716159, 0.7814777118672879
1.1922752776688772, -0.5543563591848021, 0.3247015179019235, -0.09369252394911518
1.2531749284363656, 0.5354286170865081, 0.5211652562698511, -0.11022873002761124
1.3009021369195886, -0.14763994090203378, -0.7945081818263211, -0.19825631567097546
1.5254644888111946, -0.7162029786983115, 0.5543720447211758, 0.711875576178399
1.2016841398540639, -0.1999998611266528, 0.05147371516910192, -0.6335576407658666
1.406851106736617, -0.9440737692518733, 0.15717685434317663, 0.2514959069157755
1.2615531116451202, 0.1181148120081963, 0.5155445604520861, 0.5583716959821827
1.2013996783477106, -0.6493506119652503, -0.12211875755418845, -0.08241346326759133
1.374725964913701, 0.5335408886457139, -0.7762103705694587, 0.051990954708215506
1.5666323241439872, -0.7413815194076241, -0.5119736592160603, -0.8016066703830196
1.2107171056494566, -0.09481441607674465, 0.6618886951054817, 0.1369287833429706
1.163112865774849, -0.448834046071922, 0.3649565152511016, -0.13485651483507285
1.1093952373763345, -0.3498577221975784, 0.310862949135932, 0.10826630956362326
1.2486514496077314, -0.6308835594270964, -0.40082194350362005, 0.02140436072549312
1.1884928002824, 0.07903668625906383, -0.6166742960268229, 0.16118669662261004
1.2522744927471288, 0.1410380827086701, 0.38104635667015657, 0.6349041962999934
1.2384392089200071, 0.18571977629940495, 0.41364209974908456, 0.5728351003533919
1.313361866723061, -0.7461367343459653, -0.3035255572922814, 0.2758108096000446
1.1464136858995584, -0.48672607489736697, -0.22030877474278754, 0.16978254033953474
1.2339580047975602, -0.21049755311921262, -0.44562087687448687, 0.5289283239044903
1.0799896244849108, -0.04681018881986596, -0.2187135475037091, 0.3411023004262066
1.329261732689066, 0.608172746221014, -0.43563908830545583, -0.45528150575871107
1.4287279295703996, 0.6882034647926001, 0.4994872688305307, -0.5640496042532063
1.2001378285734041, -0.17165416675602213, 0.6346933032146288, 0.08961063253143717
1.1411643760118209, -0.4393450534648642, 0.28429182684643245, 0.16855329798826915
1.2909232720334245, -0.12203016815727151, 0.8054150009818009, 0.05383501212479192
1.1652961073407266, 0.10782461066780599, 0.16950538385569386, -0.5635217794919023
1.2172893472098445, -0.2934152559878464, 0.6117283247723487, 0.1465922885262793
1.337790673673272, -0.18393895081463107, -0.5753229066244206, 0.6518081788790535
1.037253953732008, 0.1448214846789549, 0.07559041304429796, 0.22183009616338922
1.2808609260285573, -0.11880060282305131, -0.7866861821235454, -0.08726957918709546
1.1609752175696362, -0.007498127233503599, -0.4427050598284067, 0.38964017234004633
1.2742732156314514, -0.6354284362816768, -0.467531321445072, -0.037648292234407355
1.373336390623278, -0.7404196320616353, -0.5790878451001816, -0.04988865527465544
1.3906150069272412, 0.09543172309614362, -0.9308995001182767, 0.24109957361574622
1.3501924668014085, 0.8329185008851134, 0.06463351931426628, -0.35367919994200986
1.2469297978794454, 0.12530978642416601, -0.44089525868641194, 0.5871479789063794
1.13873821592469, -0.2451672274092298, 0.038144516107094247, -0.48493582142668384
1.2519049883477131, -0.7517783774436956, -0.0023805742289217126, 0.04571327951867769
1.2637836467125065, 0.3128990581845036, -0.33237830848868233, -0.6235125861852464
1.1458136246982782, -0.44295475273539014, 0.340370193391873, -0.028776396989807478
1.3007583891638004, 0.38283388492027487, -0.45068924009987477, 0.5850553925869346
1.1189077614938763, -0.42322031403083255, 0.26898433290993523, -0.022058403656602516
1.552557475369719, -0.6490359933120434, 0.5751869496263673, 0.8113858309653675
1.1004659415072016, 0.37587861525180916, -0.20712464616567522, -0.1638289838961899
1.221856988474891, -0.28005984006272655, 0.6397683021779521, -0.07209372925095811
1.1744182235244838, -0.2834611377094121, -0.00047221490206520453, -0.5467245413990266
1.0686916727009481, 0.2570149339973579, 0.2605495845227626, -0.09032789717302155
1.0496775549595048, -0.12295090371666931, 0.06330801458965293, 0.2875728428585263
1.3641828394754603, 0.7773300440222589, 0.01695865886191476, 0.5064239588223368
1.24137330619462, -0.6294721533887023, 0.3031767027870233, -0.22990515507039125
1.3634330290860264, -0.0017140076083379903, 0.8958816135528522, -0.23736642871002983
1.064447138483373, -0.2936259076854476, 0.15198953268582333, 0.154047781273484
1.035055436774178, 0.1457520255285642, 0.015617256098670977, 0.22327607476407685
1.381570298318496, -0.15921517104125268, 0.8994996785104341, -0.2725570524968825
1.33271189096369, 0.23607748040928983, 0.45566908529242917, -0.7160684969109984
1.068380258676494, -0.09355301008454181, 0.033954973662283644, 0.3626724020343537
1.0913147676693755, -0.09975018389040209, 0.0999357693941715, 0.4135585387133111
1.0845669755266576, 0.26475601638841384, 0.23872019770101638, -0.22181623790599092
1.1744732295073599, 0.5627500357121016, -0.18284348805127082, -0.17107899641019947
1.21771322433322, -0.4948869543596269, -0.06697290514247102, 0.4831428661353049
1.2896649136975744, 0.1859184821026129, -0.010473199125701074, 0.7928178982183147
1.1994138775658958, 0.4012797688296926, 0.4977955774865697, -0.17253335868886055
1.3125104105274619, -0.05805122476587773, -0.6998588022237656, -0.47907336598486067
1.1360431414775507, -0.059498068318003784, -0.4965332758872254, 0.20126774481100748
1.5187296874881975, -0.8485752185626756, 0.4672441606277844, 0.6067477700482653
1.1449422440819317, 0.557111708700864, -0.014227196704830003, -0.01780093215803475
1.4109267658555182, 0.0740730827225917, -0.9616263120507305, 0.24597226062138744
1.1806498629734694, -0.1409756499379906, 0.46046968505067654, 0.4025265633634185
1.05173932172887, -0.1941771449650267, 0.13405674005189894, 0.22467671817656648
1.2298333247021214, 0.5294865938744342, -0.3028149513404466, -0.3747493278176846
1.1008968673147481, -0.06413676968174403, -0.4554947336382632, 0.01961975703276356
1.17713284214909, 0.6120200686798939, -0.10366937314758397, -0.018050614123608106
1.244891430684326, -0.7347203049537266, -0.08554081582354194, 0.05122027438635748
1.0286905142606177, -0.09872454361096357, -0.18996542948907996, 0.11122398220532437
1.1883409700308312, -0.16170741938766078, 0.6054881243979701, 0.13924475854346743
1.204551801061434, -0.17744245893000157, 0.6446719163132835, 0.06210745145454063
1.3302436867741545, 0.05565179378849029, -0.8403237187242556, 0.24557522635652082
1.123283374860652, -0.21785558230340682, -0.03099773902508799, -0.4618913570017437
1.4499587690152516, -0.8896305759358295, -0.4166875987504966, 0.37055271588783834
1.4071373594869692, 0.9147856800067043, 0.05179720472247242, 0.37485965067151433
1.6198631429618935, -1.2702356899652303, -0.10221571996463126, 0.003136950278792885
1.0014898340016058, -0.05309372836377225, -0.01153067784811569, 0.005476046508270956
1.3379101875241357, 0.8008423983473166, -0.06237170270585322, 0.38047982021620863
1.5585523202376226, -0.8996137203824758, 0.4782174932764945, 0.6253707045761128
1.1321569872676156, 0.35293699509787296, 0.39637639813038683, 0.010033559455592275
1.4653962677540724, -0.5210294660165546, -0.8663399792135615, 0.3540756381146762
1.220283784644335, -0.16432378404702153, 0.6783061535752057, 0.044620299017144024
1.0353065406755295, -0.14986265072912683, -0.09641296041888339, -0.20026322714177555
1.288673271958404, 0.0018637930043904757, 0.7586366670514487, 0.29179742209396714
1.3079818520264306, 0.5374887714615924, 0.6494635840684331, 0.010926973605943777
1.2452152010228654, -0.05243251528597122, -0.6301518174407694, -0.38822727258050366
1.3502225841487365, -0.4755390008841995, 0.76035197732319, 0.13721718538165906
1.3210548081870566, -0.8621681663942912, 0.007814175584238997, 0.04231781835569424
1.1214232374319415, 0.26598262442937265, -0.16573366766856681, -0.3992188276561176
1.560242726544436, -0.05490198935380279, 1.1536824906598249, -0.3167962247956158
1.1010177009143607, -0.09706400172390275, -0.4459932554682358, -0.06251858422046887
1.1098908058886325, -0.39813633623740574, 0.25136823105793255, 0.10079221784631687
1.1241044398386335, 0.299320722180952, -0.12140785527060576, -0.39909651666807755
1.2025581915243058, 0.6012717526719075, -0.28840303987540195, -0.037975913836123
1.2451026976601003, 0.6532733401908776, -0.3514456360776693, -0.000797244175552127
1.0477368445418886, -0.08724152937466342, 0.04240578177348131, 0.2972257738406001
1.0162910221619066, -0.08368680690068687, -0.15962490916309438, 0.019074811986858568
1.204201553978172, 0.558486066101682, -0.361302057591031, -0.08749582706734925
1.0902184434661184, -0.22446596294276808, -0.028115326127587294, -0.3706761583789835
1.2313595592034041, 0.47220537376582505, -0.27201601937886993, 0.4682688695926239
1.4448710845666328, -0.36407252843208876, -0.038996011605053414, 0.9765157224216733
1.2296305856924463, -0.2143393037448316, 0.6495546489590074, 0.21006855584848944
1.3082564260245844, -0.605382877453937, 0.5697540496290544, 0.14292225457045923
1.1268834075832508, -0.3688405708461504, 0.36552873605698094, -0.014546157599536307
1.1021823693315165, 0.3773905484095488, -0.17924674964622606, -0.20063138333181693
1.18592065845988, -0.06731880864412945, -0.4230773065157021, 0.4721033561372649
1.3374469595305383, -0.13173817585353007, 0.8765569174574531, -0.05529369799311187
1.1896960491908612, 0.41047784428596734, 0.46389898233134763, -0.17799540163338243
1.5761306586986674, -0.5930196407666948, -1.0013623203349442, 0.3602624909260636
1.3859955292017831, 0.27216810783835327, 0.562527734207288, -0.7283341789938436
1.234725513590867, -0.159298619311189, 0.7065062971724277, -0.004460476822533774
1.2139447842004685, -0.21102950326861558, 0.08859018729136815, -0.6490610653500977
1.551252346966441, -0.5064233191775559, 1.0647634501579624, 0.12727160315557787
1.2477395788374868, 0.7169811144838166, -0.051241721531702325, -0.20041562824680206
1.0594922974602197, -0.1334537032644657, 0.06163325119139704, 0.3176718114817754
1.526943270759783, 0.967379904619213, 0.00760980333300379, 0.6290262022767729
1.625291951969452, 0.9215853084725503, 0.34371906809114905, -0.821043026019208
1.1536447037320254, -0.20959549428444518, -0.34327655043238886, 0.41125058194226466
1.5812368506615386, -0.9145735961363065, -0.8059207944450962, -0.11981981564545333
1.2038179425317526, 0.040634824631532035, -0.563861928144878, -0.3599807991786323
1.7757415772512783, -0.531406488584595, -0.8377992586691767, -1.0811834697415725
1.3053686583668838, -0.3908671150844449, -0.7043114450017025, 0.23485233878276635
1.1823189826367597, 0.37367866158243235, 0.4546671690005744, -0.22698061594371355
1.1012949561980034, -0.3094071540365247, 0.3199733463155206, 0.12138719547723473
1.1910234839468683, -0.5133694721509913, -0.393682218762342, -0.001742127064221749
1.3828164757506385, -0.11125169897640651, 0.8940601336583498, -0.316955742155104
1.240027770422844, 0.484396080216411, 0.5053976439270813, -0.21818004125900392
1.5368429177874303, -0.5529662100318283, -0.9907528070837102, 0.27298974297978174
1.184712004910773, -0.13195791581075655, 0.6151270722700569, 0.08802458744608371
1.195236230431072, -0.0836566581461048, 0.6492573612241244, -0.007489257586109273
1.2203996887290405, -0.5830413443742406, 0.2667425955165878, -0.2797973887249322
1.1589719467378736, -0.08890398270878767, 0.5633791242197962, 0.13385072871384543
1.135912759934965, 0.29059972197731726, 0.40988288535279005, -0.19453950772181708
1.527186356694243, 0.7019035693990716, -0.9052453020971409, 0.14198764160635388
1.3235509829363952, 0.07024348000021972, -0.8422350009050943, 0.19363176702120058
1.182886936569566, -0.07411354921221619, -0.5060721096239631, -0.3709713013035542
1.1961098291713432, -0.24050298681494625, 0.01449476688978745, -0.6104317640049546
1.0109585786665138, -0.11607999613293343, 0.005587631777579272, 0.09236590630917012
1.1546258273018726, -0.195808621601306, 0.542866255596667, -0.010770947664177005
1.1196531666261036, -0.07456177739479473, -0.36495416608689846, -0.33892803298548035
1.2547215435900694, -0.5521455439686966, -0.11818164798227078, 0.5054646855169539
1.4376724111202055, -0.7555962666562895, 0.5175247488541538, -0.4776446145773104
1.0556523846640347, 0.01166932536515393, 0.1746747478349857, 0.2894037258937233
1.1037494004254211, 0.09858803240776487, 0.3143974909388227, 0.3312059125329965
1.1114046748990536, 0.22968923500949048, 0.3399223438756696, -0.2586812842907219
1.2982041283614922, -0.33841900774838507, 0.7544699439927299, 0.03976980891363446
1.0395253065099563, 0.12131192517524898, 0.06194760034171441, 0.24911598603220242
1.410961577489425, 0.8481552803504164, -0.11791931938412684, -0.5074842142186667
1.7673468930671055, -0.8981262127853539, -0.15983075782046594, -1.136370747245952
1.0237127852619745, -0.14222199198447352, -0.13618049812088345, -0.09599814392135762
1.1411797042501213, -0.4072099631838558, -0.34850614564626725, -0.12253419817740643
1.3896082369161527, 0.8555742806448247, 0.2714706204734161, 0.35398785943035843
1.1805213646056723, 0.33322005792759635, -0.21493295225700926, -0.48620871168589114
1.0316049314077116, -0.08313778771030064, -0.22558093722658887, 0.08006299719171352
1.026880568214736, -0.1906250909837708, 0.13357939969717092, 0.017387352903512523
1.7968169125930498, -0.8353930029470993, -0.22247504773964044, -1.2170350862406112
1.164960567455946, -0.21165336904759383, 0.550842753116417, -0.09438345425554749
1.0670784602410945, -0.13861247758413167, -0.2286925317954447, -0.2591191758042681
1.5612763530276925, 1.153977385596807, 0.11371115946451546, 0.30494231629579627
1.0562779794489678, -0.24758602895800144, 0.22216527584926912, -0.071182289513753
1.252035134538971, -0.038277024118747865, -0.22721295860540527, -0.7172873336302619
1.2188452756170514, 0.4797959889778345, -0.3066349244441137, 0.4016897284795075
1.2162526765176496, -0.6633085175114797, -0.10664859451213779, -0.1670881833693072
1.2016190347948712, -0.22816807655842, 0.5178192251280972, -0.3516971477119568
1.2887486648639588, 0.07311689946364554, -0.7933081219648062, 0.16183097301237376
1.7011873199019512, -0.7213727649075061, -1.1436875932404575, 0.2561997668085064
1.1396209247246178, 0.23079524960177264, -0.07905595782922348, -0.48910076708501765
1.0675469059787028, -0.06857636764279644, -0.3619679411614233, -0.06271274062725912
1.4778891302350212, 0.6318458271118402, -0.6225240729551788, -0.6303894912032383
1.47451648385419, -0.05304446810197667, -0.3344591472123273, -1.0293309596079898
1.5979480083709787, 0.8517032915173081, -0.8409376589025481, 0.3476538429456263
1.243756081997992, -0.18110836874534508, -0.5125479158214663, 0.5014215634219047
1.0477417156465791, 0.17204048280757916, 0.06751931790280194, 0.2522021345891275
1.2845906472489006, -0.23764164117534908, 0.04379617675711682, -0.7692733430194337
1.9150112563611836, -0.6436270775241867, -0.8449953876032799, -1.2405624095533831
1.0757101314692363, -0.3363712493610043, 0.05183852680781476, 0.2032718295467276
1.2007602228776963, 0.28432212829260933, -0.4081747800847085, 0.4408847798589288
1.1772325747520676, 0.34177912085216167, -0.4373925593496133, 0.27883923079886164
1.2100432031075723, 0.04931900929187668, -0.6724907589023565, 0.09761335923035186
1.3546323982600468, 0.34132034281512347, 0.42534613907986574, -0.7332189440857242
1.1347649671107092, 0.2770544059026975, -0.20286895887705828, -0.4120395275647844
1.385766103893769, -0.04161688548971326, -0.812833182347576, -0.5078562269164024
1.062884664913078, 0.32410772948228467, -0.10541860477373866, -0.11646848657376212
1.1813291740735894, -0.45533705612740205, 0.39642829362429083, -0.17621404838648086
1.0894596773769019, 0.2614337455814958, 0.2130832902475309, -0.27050008635617684
1.3381244078572707, -0.18100955879006947, -0.6575167360592425, 0.5705122367942658
1.2659838014762361, -0.489516734705996, 0.5989987501847327, -0.06548930691441214
1.1694976247470177, -0.3490887485395328, 0.49581483207880334, 0.005421459460994497
1.2725982114791798, 0.04021841725337586, 0.7078536166208136, 0.3418068814557054
1.130260371276563, 0.19848318137262547, 0.24178620699909412, 0.42383058371880966
1.260966967017215, 0.6792191948554038, -0.34793406863001686, -0.0874120193974145
1.1632488604365716, 0.3954615213888215, -0.3166915584850369, -0.31058743244397347
1.591146642970941, -0.8556371564123231, -0.6360469855022328, -0.628551452339307
1.6318072324970878, -0.5524980875265989, -0.9531746245355877, -0.6700737589629195
1.340430926257052, -0.645277304701679, 0.48312798466253254, -0.38335312511990094
1.153968177682539, -0.29884824681049815, 0.47724918671711264, -0.1206875895032559
1.0500408430001416, -0.07570689828545847, 0.048312983156642945, 0.30744120279973686
1.4920240112096723, -0.6038468384368209, 0.5938839453847176, 0.7133067398744656
1.2815982677796471, 0.7378786607827399, -0.2795814150819793, -0.14093769644073312
1.2540477896950792, 0.4203975405749284, -0.506459828470782, -0.37336337375673456
1.504761203593712, 0.8894799807403796, -0.18470573590855877, -0.6625823985176245
1.1075651200761885, 0.12703446387247422, -0.44879992359029924, 0.09561050561186497
1.233675971260633, -0.5492161514425594, -0.089158399242499, 0.46083489549404255
1.4997650221651349, 0.027330888289817296, -0.4042449517141712, -1.0416977312391942
1.5917083564085437, 0.02969726139685025, -0.38542175182466426, -1.1764793401274507
1.2289580491204484, 0.33178184913597886, -0.26941844965901846, -0.5724267551968372
1.2675215247989728, 0.5865622366159674, 0.5101362663446071, -0.04813053256271712
1.285933522312824, -0.48138031122389213, -0.26215703546161323, -0.5942825157547829
1.1544454502118144, 0.5310909798593227, -0.025822540936257674, -0.22365121284361156
1.184571406897124, 0.367321478823696, 0.36666041664776094, -0.3658476296174341
1.1648812406226137, 0.054275808423553666, -0.5912311063373442, 0.06669497937303387
1.099494813901592, -0.33486623932005594, 0.1604214163902489, -0.266492808014562
1.2321066952260216, -0.36674389311282524, 0.6136192184408988, -0.08400761897124459
1.4487956856580178, 0.3635210821666863, 0.589806059091959, -0.7867592860971263
1.7338043960553366, -0.9733608750433022, -0.6837029486465105, -0.7688930801664268
1.1068415095526718, 0.2521680783419906, 0.21647007802293808, -0.3386001961825891
1.2859651396476575, 0.3338987200759198, -0.056725944699273126, 0.7341662974549138
1.4296157657707114, 0.9588644522250671, -0.032843769592144086, 0.3511431144110301
1.2274844219294858, -0.528660653559076, 0.3591665521357142, -0.3134251222939827
1.1756312640372368, -0.05194110030713058, -0.5166300108377702, 0.3354167899530993
1.376130537053081, -0.014208724092935974, -0.9367906699650936, -0.12631946736747693
1.2987857446749975, -0.06838994116984022, -0.2605191148374179, -0.783771023527983
1.3212509916767974, 0.4719725506679183, -0.7174645778618601, 0.09050234215998258
1.2007741072743874, 0.38361233047712123, 0.25553835948752357, -0.4789573920892537
1.2949281674141795, -0.3377895433102374, -0.1179236339970389, 0.7408314246425021
1.1549830150144955, -0.001383463902625866, 0.5479851865811332, 0.18356493752142702
1.3043363165841342, -0.6752959985453942, 0.48836237142139033, 0.08228447781034727
1.3293319677552664, -0.4432145097669842, 0.7539614552382312, 0.04718583307677659
1.3031674350444493, -0.5508453012031709, 0.4393940951089731, -0.4491632744182048
1.13855266278965, 0.311225691657532, 0.2900400153068517, -0.3395843405083555
1.1360548038653762, -0.13835811428156025, 0.5033431744026705, -0.13462242896446266
1.530822188292289, 0.6877168840257178, -0.9257893525677605, 0.11565523881829212
1.0185563464068828, -0.1859144366589585, 0.04070916593152513, -0.03515134217465085
1.5905224213431863, -0.5652970265896232, 0.6745181162833518, 0.8690374878737289
1.2759717287350667, -0.5303362043727792, -0.5724621478663552, -0.13832733686031645
1.228375600104666, -0.4061905181333417, 0.5705674199079159, -0.13553116708229798
1.1429643638293276, 0.2948189959999135, -0.14551705992693206, -0.4452797792979197
1.3282458068113556, -0.826226982149946, -0.10596542010548443, -0.2652493676169844
1.318853908482429, -0.2147064634173834, 0.6988323760717828, -0.452669942275876
1.4647976948390222, 0.8911025768123356, 0.09453987119757665, 0.5853466470033588
1.4418460266940223, 0.5854218026434718, -0.8507954972420476, 0.11112290293033386
1.2662065279505659, -0.6509509730143909, 0.42366636231490684, 0.006972488730670305
1.0201247041557842, 0.0760921345520417, 0.12710121922984915, 0.1367833292420016
1.0981110623809136, -0.012398528760926576, -0.32834121779291636, 0.3128677460304403
1.1593719904454196, 0.26349443597043, 0.31273697669671613, -0.42060632169357204
1.3484927383968166, -0.7511551994930603, -0.5027137542663631, 0.038437131200243065
1.409529386844003, 0.3142937237882134, 0.5028297451679267, -0.7969659935897689
1.0473261651711403, -0.07083325016280516, -0.3013762442686405, -0.032359022142035176
1.011532557584738, -0.03549250239744393, 0.008021611500243766, 0.1478987865955234
1.0919874282911393, -0.036936042009835926, -0.436906633332694, -0.013596547224731097
1.0886723911796186, 0.1811016600912699, 0.2260564653272869, 0.31828955137212345
1.3240252998589448, -0.29003128191750566, 0.634400914960256, -0.5161979555107197
1.4840232045685895, -0.04156160457240757, -0.898938805902311, -0.6265034141697231
1.06228727431285, 0.35381620188185503, -0.05345856077720393, 0.020261557999143177
1.519642581611432, -0.6879404406781174, -0.5098469366075348, -0.7590175407447236
1.1467292599868812, 0.40050970591772433, 0.35965694773074824, -0.15882962924076857
1.0051705157052941, -0.09099859134815852, -0.03958687853208126, 0.022801339083138094
1.078253423442785, 0.04649291915163983, -0.3527315836863942, 0.1898664886306511
1.0568142562992553, -0.05814575704716234, -0.005142251801555137, 0.3368219121452312
1.020699287620165, 0.10301502083774416, 0.09965765277102269, 0.14588794835174645
1.0328092680526977, -0.08555359272905097, -0.1575313475795763, -0.18590169842275128
1.4240719728525875, -0.01612873438484424, -0.8203005850688272, -0.5956742380925528
1.2112318916510783, 0.3835012979230908, 0.45258730044738016, -0.33937322422033656
1.668045334994604, -1.2667223670920025, 0.274365756920641, 0.32017669455389564
1.3827983797931864, 0.6828602183510853, 0.630334407541432, -0.22025398071671973
1.209784263121427, 0.4126569997847278, 0.36628857368548057, -0.3989045557678903
1.4423820622096826, -0.8791084758375547, -0.4611830743571993, 0.30813061032826666
1.1510133024694171, -0.1974869617771843, 0.5182548130343791, -0.13131059041932414
1.0198981812556247, -0.12973963254387966, 0.14519762736958877, -0.047723965490641646

(('lorentz', 4, 0.07, 300, 7), 286.3259513252311)