-0.0069643291644752026, -0.17040441930294037, -0.08277136087417603
0.25422561168670654, 0.08922651410102844, -0.23958264291286469
-0.19794303178787231, -0.35911935567855835, 0.09815520793199539
-0.00737253250554204, 0.46715959906578064, -0.2038756012916565
-0.21246349811553955, -0.3464583456516266, 0.5337070822715759
0.6902235150337219, -0.3593692183494568, -0.1756443828344345
-0.6197592616081238, -0.34671512246131897, -0.3606697618961334
0.4027968943119049, 0.12794426083564758, -0.4976804852485657
-0.2773507535457611, -0.7102403044700623, 0.10282497107982635
-0.4340389370918274, 0.7700337767601013, 0.22251780331134796
-0.2506636381149292, -0.5391035676002502, 0.9270758032798767
-0.3149084448814392, 0.5667684674263, -0.593482255935669
0.33012375235557556, 0.14679493010044098, 0.6986679434776306
0.3576662242412567, 0.9363785982131958, -0.14545100927352905
-1.02939772605896, -0.18549521267414093, -0.2299129217863083
0.5654420852661133, -0.7130978107452393, 0.07570986449718475
-0.44133898615837097, -0.513276994228363, -0.668275773525238
1.0419800281524658, -0.3789817988872528, -0.294634073972702
-0.37195107340812683, -1.0743447542190552, 0.07589271664619446
0.7104452848434448, 0.29370126128196716, -0.8393953442573547
-0.5159591436386108, 0.9258100986480713, 0.14436845481395721
-0.2772589325904846, 0.7876248955726624, 0.46110308170318604
-0.530545175075531, 0.5975698232650757, 0.260398268699646
-0.42920616269111633, 0.6650488972663879, -0.5954638123512268
-0.30443960428237915, 0.43213924765586853, -0.7742774486541748
0.2637160122394562, 1.06968355178833, -0.3042237162590027
0.4685386121273041, 0.8856462836265564, -0.014895674772560596
0.5481067895889282, -0.797561526298523, 0.13291510939598083
1.0890825986862183, -0.47300785779953003, -0.4493076503276825
1.2802083492279053, -0.23578767478466034, -0.1527734100818634
0.7863823771476746, 0.3479846119880676, -0.9156414270401001
-0.4947914779186249, -0.6935174465179443, 0.8710364103317261
-0.05141342431306839, -0.7071307301521301, 0.9301869869232178
-0.22584268450737, -0.3487706482410431, 1.1954703330993652
0.17125405371189117, 0.23278087377548218, 0.9286713004112244
0.5126063823699951, -0.056730255484580994, 0.7133123278617859
0.3479478657245636, 0.23967765271663666, 0.5110220909118652
-1.1495842933654785, -0.4018230736255646, -0.05195389688014984
-0.9998050332069397, 0.023582762107253075, -0.10519614815711975
-1.1205699443817139, -0.16189898550510406, -0.4300130605697632
-0.37678417563438416, -0.6560341715812683, -0.8770500421524048
-0.3493313491344452, -0.654711902141571, -0.8869361877441406
-0.3335837721824646, -0.5964961647987366, -0.8740718364715576
-0.36278173327445984, -1.2789685726165771, 0.009245194494724274
-0.38216274976730347, -1.3117506504058838, 0.009702753275632858
-0.5594043135643005, -1.2311995029449463, 0.15582318603992462

(('euclidean', 3, 0.08, 300, 7), 3.7217793464660645)