-0.1934528350830078, -0.2537926733493805
-0.4043176770210266, -0.08777181059122086
0.20791293680667877, -0.5066094398498535
-0.6272310614585876, 0.13233624398708344
0.39241114258766174, -0.20232641696929932
-0.859306275844574, 0.8205839991569519
0.02235335111618042, -0.7997951507568359
-0.6717772483825684, -0.3601900041103363
0.42718058824539185, -0.5759274363517761
-0.33035513758659363, 0.497627317905426
0.9568409323692322, 0.032504383474588394
0.18163608014583588, 0.9050384759902954
0.3053845763206482, 0.15323856472969055
-0.9746187329292297, 0.15508781373500824
0.27728500962257385, -1.2831504344940186
-1.1016806364059448, 0.7624895572662354
-0.2888649106025696, -0.9475356936454773
-0.6423704028129578, 1.1183089017868042
0.7497218251228333, -0.7033653855323792
-0.8486431837081909, -0.5044394731521606
-0.3408315181732178, 0.5353832840919495
-0.3043736219406128, 0.45805519819259644
-0.31109124422073364, 0.5392501950263977
0.14127570390701294, 0.974265456199646
0.21656258404254913, 0.8274130821228027
-1.0892260074615479, 0.13605332374572754
-1.0246148109436035, 0.140839084982872
-1.2303564548492432, 0.7553073763847351
-0.7482317686080933, 1.2363665103912354
-0.522407054901123, 1.1194064617156982
-0.9370629787445068, -0.587928831577301
0.9760799407958984, -0.017820727080106735
0.9974368214607239, -0.09669061750173569
0.9393592476844788, 0.17417766153812408
0.3304874897003174, 0.20716364681720734
0.29106953740119934, 0.197897806763649
0.25403788685798645, 0.22135968506336212
0.4497704803943634, -1.2698845863342285
0.12418471276760101, -1.4446829557418823
0.30197766423225403, -1.2242463827133179
-0.4792305827140808, -1.0993975400924683
-0.41383352875709534, -1.0425533056259155
-0.46903136372566223, -1.0973553657531738
0.9569965600967407, -0.7780703902244568
0.8832599520683289, -0.7485691905021667
0.8740473389625549, -0.7505728006362915

(('euclidean', 2, 0.07, 300, 10), 4.166902601718903)
