0.12593425718323598, 0.26468228224366536, 0.0005902621831903813, 0.20268191117224754, 0.026278930701992286, 0.24233368225823168, 0.06332924413187224, -0.0020001326011677223, -0.07356028357480153, -0.002597034706296683, 0.052475520660014686, 0.27429626385058453, 0.12008964628438693, -0.2942279474297941, 0.35704307841670313, -0.021592908213906824, -0.1335976529465195, 0.09250882051843332, -0.15870195019651012, -0.13061392336153507
0.049865932932703666, 0.30594662184694893, 0.04954593758023434, 0.41632411581568773, 0.02801030834859848, 0.2487697086619818, 0.13238402405288424, 0.17125787825579272, -0.07043206102193232, -0.06518337440613683, 0.17432140326813614, 0.38008287719188577, 0.21675099636584477, -0.30109139045460015, 0.407720773057661, -0.14358479890123627, -0.142979955600252, 0.0010190326040211306, -0.07428871641009147, -0.2817947802797407
0.18158034555107133, 0.22656939286561822, -0.05335203745096655, 0.010771882754933806, -0.0020616692618911185, 0.24925252342670765, 0.035798609571622814, -0.12316769561470346, -0.05057013537131244, 0.07707093186043697, -0.01851341349396225, 0.19087796728464546, 0.04378529935691022, -0.26784961013141095, 0.28302914754113423, 0.07394199864576079, -0.1339214820115436, 0.17958591728195855, -0.18640980338424717, -0.03764962449244884
0.22667516904162285, 0.1295669973773211, 0.08549251615289288, 0.4175974549426012, 0.026057268965483615, 0.05216628793565862, 0.07907544396145269, 0.219780358072697, 0.02083977121778921, 0.08004407259763222, 0.049076105130807665, 0.5587116462671972, 0.3765656208094788, -0.2001146832780275, 0.2783476655203266, -0.21472572593143258, 0.007578743150568444, 0.1685777515741887, -0.008520650880071742, -0.3724779749169248
0.21119238289523867, 0.16728633833847245, -0.02995464997808878, -0.0924828103532638, 0.04463933440652701, 0.2760935590280256, -0.059060492951096125, -0.3677383937525518, -0.14697385503245008, 0.07641456292449945, -0.1381387480568915, 0.1403043413710143, -0.019394543894829225, -0.31943026576395844, 0.3071271566953341, 0.14331509632657155, -0.047334693049535484, 0.2686554237753007, -0.23925896045282452, 0.05107076495260781
-0.08227282485639195, 0.3599209257890651, 0.06982205875602869, 0.446853864540919, -0.03459841881356287, 0.3683163514094901, 0.22555542013018318, 0.12573991381590066, -0.13233171158074658, -0.11025026916931895, 0.33094031056184775, 0.34857501607300906, 0.18601471449543933, -0.3261248294426335, 0.4514212313289628, -0.19381734882506294, -0.23772849831556422, -0.06986711637815195, 0.03670759372550768, -0.34787325548201137
0.23841386776307985, 0.24362757176349087, -0.0014307823661244392, -0.22643162100481984, -0.06328701808753162, 0.10692431386334317, -0.11545865036627508, 0.17444643879705526, -0.013356559853166467, 0.1511923440396229, 0.05103568475936297, 0.2300805300258173, 0.07135999705511589, -0.1728142867585814, 0.21124310890694797, 0.05681871193956133, -0.25748948486172857, 0.05735387944148613, -0.1784222796593874, 0.026589618882389646
0.08281986522570563, 0.3746819873350206, 0.027407163943969533, 0.5401215825248473, 0.0867545902993913, 0.16356575743062707, 0.1378134990784884, 0.32746079370182435, -0.027540681501742374, -0.10044297642088028, 0.12624953160504668, 0.3725380983511254, 0.2558263717971887, -0.32310087365452, 0.4201481832126225, -0.08988057193216924, -0.16221872983287952, -0.11323752621765884, -0.21957399247741677, -0.21881187999767635
0.17210870460471445, 0.25267446122090875, -0.18807460142371352, 0.041785024199103994, -0.060689269700104034, 0.32592850237448046, 0.24055635547781512, -0.1367555942954967, 0.12328505621731596, 0.19212346633380892, -0.023164470207411848, 0.0959311682963042, 0.016565447077547542, -0.22047622320616342, 0.13305743956258845, 0.21962697925775046, -0.11667289282386167, 0.25818025633751096, -0.17530039781870427, -0.08382380452961823
0.27703827148925936, 0.06857185723352295, 0.13692206634416124, 0.4427684689814845, -0.12170819550424848, -0.16945980427967638, 0.1501919469788992, 0.24771056893301976, 0.18912832807360744, 0.145696216049486, -0.04221558763655467, 0.6070134913709841, 0.5139741908609535, -0.21641816864839983, 0.17716950710055288, -0.1980008996396141, -0.11789946697245847, 0.04822686169071018, 0.02325733882771247, -0.39268646280261177
0.16689017485586088, 0.13941426044882183, 0.07606894824763989, -0.1628996575488631, 0.09741460392525901, 0.3482058493441127, -0.12759704576301145, -0.5376264481281462, -0.23779117059734192, 0.1456073452453088, -0.2722971617117484, 0.06949527660014444, -0.06212598870559127, -0.4076544225258435, 0.256351242608541, 0.417594392860202, 0.120070792654572, 0.286211875534816, -0.34812873754203494, 0.10608693138893921
0.09371966371060146, 0.04438343506695274, 0.026780573710606874, 0.3956961412396707, 0.04166867553405147, 0.09372061027076972, 0.06003807852425756, 0.22245839996669828, -0.1401137174653757, 0.10168747983221553, -0.07604287956001755, 0.7725704763080079, 0.2099344766168547, -0.34679402664748016, 0.1132402442907966, -0.04268356530192986, 0.20239049409278, 0.3462326351380277, -0.0924162175757441, -0.5354212229511945
0.3183777714846719, 0.09316977697095548, -0.19110742246267173, -0.06868805137520312, 0.09846445793285716, 0.3096950197731729, -0.056715429199063416, -0.7130457956045894, -0.21100657998746314, -0.02818943287546403, -0.19686278081120306, 0.1449724721668594, -0.11329798196081806, -0.33522551253443456, 0.4250721151492729, -0.09992095648021579, -0.11437549873108077, 0.49000955512620403, -0.2036452644526024, 0.1458114730905077
0.36814142997875393, 0.10495388785289841, 0.07742314221815605, 0.3996279489947037, 0.1922024914502099, 0.11918017064345872, -0.03560794332815908, 0.23867694766158654, -0.005537300134080732, 0.1084952711726044, 0.10658596439199458, 0.5356429859646186, 0.4341512146841199, -0.025265777865551873, 0.36733677610622184, -0.3632681433004528, 0.15131553418992488, 0.3366357430612596, 0.03712765557499368, -0.3212348051867861
0.4036312436821584, 0.33589738444121897, -0.05463370180068869, -0.22426546877907774, 0.011039214855964102, 0.038281459021303324, -0.21320020512707605, 0.39596278783254196, -0.0027970120846678376, 0.16894222167214448, 0.21868268008551864, 0.3050055272413186, 0.06355029695577447, -0.19366733762909108, 0.09494774865318756, -0.05965748680077263, -0.3184232076694331, 0.003178053152562837, -0.049172538234980044, 0.016454131163801157
-0.15079158119498706, 0.3861689754663307, 0.06434519249892665, 0.524472240639475, -0.0990686494689327, 0.3928495567177721, 0.40549961299228393, -0.014360535031155088, -0.24997743204244074, -0.059074820986117285, 0.46136046755069454, 0.30745159622557483, 0.19935631668512277, -0.3294246636854481, 0.40847699632847756, -0.17424503077593226, -0.35976604344850144, -0.1482071333759317, 0.0904369848373141, -0.34075589581017596
0.10601988433790487, 0.14615898187201526, 0.14972494389103094, -0.43013825504104697, -0.2193419438999414, 0.01602952993516902, -0.1479931333889386, 0.3128749717328951, -0.015688087789671002, 0.1762124606330679, -0.05133627533228284, 0.220494898127502, 0.14055248088425062, -0.059034913671913714, 0.31346874900328064, 0.13635039914603442, -0.34034042975168527, -0.04831472760830357, -0.3123929031140217, 0.0695973054103652
-0.2629945817848499, 0.4722203587011102, 0.10627404015821489, 0.42946351096810487, -0.03997632965137038, 0.5757846734315015, 0.1211937746848259, 0.3117653231729971, -0.05996243397483196, -0.3339886564245105, 0.44974459003274936, 0.32875000953367123, 0.09490877150874759, -0.4006820407208016, 0.664397311372846, -0.31818995155334356, -0.26042111446790567, -0.15306236705637408, 0.1298232309728356, -0.4691654169707321
0.1410517195885814, 0.268989704566729, -0.27940103102232405, 0.14866152227522178, -0.08095154857082945, 0.409092828362903, 0.41258011521457555, -0.19440754961595616, 0.22554551618868632, 0.2405665372537392, -0.03284062362209842, 0.04030662373248874, 0.007582175110970909, -0.21840262308361802, 0.06187198756058723, 0.30029944089981064, -0.07424659524499604, 0.32631460211964375, -0.1585412567836849, -0.14157027562074284
0.08884434717252343, 0.4519959621940535, 0.02045222656109684, 0.7050478634829376, 0.13046172422872, 0.08560790605357882, 0.17006778312692597, 0.5103427095027753, 0.016953071659048944, -0.1471540713749626, 0.11894836289266555, 0.3821835392676147, 0.319210783877593, -0.34605455851423605, 0.4443330532849631, -0.06959133373999164, -0.20216903114374674, -0.2581468185501596, -0.32820414316335395, -0.19307506277034095
0.41377889549623464, 0.026432382453532452, 0.20923615489763472, 0.5237383384723906, -0.10686982534212787, -0.25472003071021937, 0.09842087130736177, 0.21790755697077172, 0.1803738534150995, 0.1582446638389076, -0.09814596547004271, 0.48973495009432266, 0.5994727616572441, -0.2365585863094457, 0.1442339718054218, -0.14654557839447424, -0.09842933089997107, 0.038457487378046794, -0.08356996945432901, -0.25678052631538745
0.10717018414297073, 0.005778871680279657, 0.1300054916450215, 0.44431744823650515, -0.1345612763729304, -0.12652167477421242, 0.26745989668821246, 0.3089752724391517, 0.25500332607587106, 0.2011884073938492, -0.015721651511652807, 0.6961114338274725, 0.5300659515459814, -0.14659874746173576, 0.1404316609945161, -0.142336718214413, -0.2403031908664022, -0.013725072195322529, 0.04850378763341011, -0.417279906367527
0.3299090246305162, 0.12224430567191177, 0.11090644932000822, 0.3901546639682736, -0.19710186499873544, -0.2459943312071488, 0.1298347243276798, 0.23164699782838774, 0.22149946680794141, 0.12130346306629144, -0.06909344746505558, 0.6454805880626755, 0.4968948790737091, -0.27116921959728985, 0.17988546558595744, -0.2662170094331012, -0.09660859190961085, 0.046298504313489655, 0.09426124953741369, -0.4840975542592493
0.041803000330047455, 0.05121556068673837, -0.007245101401786946, 0.44005676391817256, 0.06321528367710141, 0.053420534577452626, 0.026488630074740727, 0.21963523908922736, -0.19118805125030205, 0.05738904701819989, -0.09273896885270272, 0.7890492715352158, 0.2377202111270522, -0.3802929025027217, 0.02851162765120117, -0.04192159880272933, 0.15197293248239707, 0.39485402462527086, -0.058897368161582565, -0.5195064532725054
0.13549814564313128, 0.01862131499907625, 0.05593956715265201, 0.3423380405399076, 0.014062689464672692, 0.12874798659208572, 0.09350560998571168, 0.22471059544036112, -0.10085421854095568, 0.157854672692905, -0.08604219069781888, 0.7906120875198518, 0.16214689708154817, -0.3332982744307995, 0.17085244272577474, -0.01585813660595479, 0.28194176402683174, 0.319681655053315, -0.13963593626560827, -0.5767405527702384
0.36877110137173646, 0.032416915516867165, 0.09884374846759013, 0.3767883564911127, 0.0876443974940151, 0.13621909451842726, -0.022567074722189398, 0.27593363267530685, 0.06441047210373285, 0.11253935663892595, 0.09129962696755471, 0.464523987669492, 0.43891362431389913, 0.07879175315833935, 0.4277452035204103, -0.39155260855614404, 0.1841282070454763, 0.3812771033520917, 0.01716818050968095, -0.33622655771510096
0.41566300651203825, 0.14754910175292393, 0.060780183187911396, 0.4086658227318556, 0.31355492441090616, 0.11232082790507453, -0.07863344436428484, 0.2136578186175055, -0.05772714107283003, 0.11926462581057978, 0.12681767869597235, 0.5851727321180309, 0.4543216313642466, -0.0532398300547256, 0.3400807541413489, -0.3837222490256989, 0.16421743080569248, 0.3501392283184564, 0.0671331859779199, -0.29368321158481714
-0.17361185750751804, 0.39834116703147915, 0.05938880309165174, 0.5623883717006055, -0.12546457384392717, 0.3949134844472584, 0.49243850413169654, -0.08434041958097534, -0.30688510524694745, -0.028155120431645374, 0.5141606158023974, 0.28457300594486545, 0.20803434992693046, -0.3291156570233271, 0.3806527480765076, -0.15601420534016866, -0.4174597154785014, -0.18621199586633816, 0.10377926728680384, -0.3260627315528034
-0.2581447825204254, 0.5254729692668593, 0.17948910979126353, 0.4199061232450445, -0.014397174639599743, 0.6311449357937582, 0.12704718092247996, 0.3657428079702245, -0.042327208666647645, -0.3362432274315636, 0.45109550230665363, 0.31791950913377176, 0.10419704281842417, -0.3651309358635362, 0.5860968234261577, -0.3489017499712234, -0.2501079707518454, -0.16166379695635005, 0.15975545400507246, -0.5076519358440716
-0.30199621943823945, 0.4367746158050045, 0.03238433129645983, 0.43367077270974075, -0.06538838398807116, 0.5555775964577881, 0.08498014261763355, 0.29742997379253633, -0.059222108330511544, -0.38058132725026794, 0.46592108533948196, 0.3368918774903372, 0.06485194835090823, -0.45583906303077354, 0.7974241706602183, -0.3090916606105042, -0.27188784664931864, -0.15913015743624276, 0.11048057938048463, -0.4493924261491455
0.08985566456291373, 0.48287464452550793, 0.016751996818893312, 0.7634307943952331, 0.14748442595565348, 0.05962994698734708, 0.18111704678549875, 0.5750209921263582, 0.031884871008499564, -0.16625310811845553, 0.11585444941020512, 0.3814385311772887, 0.33890490590113986, -0.35617190499160456, 0.4552019880848301, -0.05933035379489814, -0.21857681603876758, -0.31308288729923195, -0.37141415049446425, -0.1795178808286335
0.24289251467274037, 0.24962797064747652, 0.050776039519992267, -0.19440790641596936, 0.12454786247139982, 0.440734006701323, -0.23912268126499522, -0.6508180591164539, -0.15955167613394616, 0.06695907514592196, -0.28884323791731564, -0.021431721234633713, -0.030639747727613752, -0.29407869086683375, 0.23726088399381076, 0.47253274458004874, 0.22801803077841418, 0.2482704403290297, -0.3295870108658961, 0.13998853909429299
0.17347267880412565, 0.08277221640990759, 0.08150519208936823, -0.17141123832652222, 0.09831272540737714, 0.3834257132817167, -0.11644054536344506, -0.4617079323530866, -0.346218469491443, 0.1532717966245036, -0.2735910211435915, 0.1410386258409306, -0.11660402342276756, -0.5693729605267309, 0.24526820025037865, 0.493604677353502, 0.08873750742492231, 0.2474120601001848, -0.31742095516810226, 0.17040510293055444
0.04890635123408665, 0.07226943273724422, 0.15677203619216612, -0.1541092656378758, 0.09563472539548552, 0.238573254818525, -0.05586165832526998, -0.6055560687093152, -0.23839630126971104, 0.25911254528836475, -0.32661269772458856, 0.041416233293786256, -0.05057217959877192, -0.3764798031871421, 0.2674508730339701, 0.4053236646094949, 0.1325441669817027, 0.3889175510605791, -0.4683241261734095, 0.015662579081065265
0.2874995128976124, 0.07715774204200586, -0.2556634215912942, -0.10975285913503109, 0.08779539450105749, 0.24022615925102048, -0.05369236038093614, -0.6898339334715969, -0.2215245765068079, -0.05556034409228935, -0.2064587729908518, 0.04293048931876255, -0.1337727053696853, -0.43443227001928036, 0.4793519462829154, -0.08393299959450094, -0.09876365534985597, 0.4832314880313742, -0.05995679643375671, 0.08804423659021768
0.35761945624000036, 0.002424070611320342, -0.12433145497172335, -0.1648172658783693, -0.024792555952518402, 0.2954640134280392, -0.007235203521454951, -0.7967074361578408, -0.15307326259321255, -0.01767453199456383, -0.24817907132825476, 0.188118816726677, -0.060941793412779895, -0.2507603376809913, 0.39773394192305, -0.1668066842309639, 0.0023056370999092668, 0.4979686243219817, -0.28719724209103453, 0.15910910021858618
0.3248202948532339, 0.16930026186341934, -0.19913913222111687, 0.04295375379505786, 0.20842623291698018, 0.38588483053077677, -0.09827138874766868, -0.705606332515668, -0.25394182207033156, -0.022004705639021443, -0.156781203074325, 0.2009431497794158, -0.14474241832935356, -0.3157137078622635, 0.40974863046890514, -0.08273903995466687, -0.22095684767006063, 0.5112197896506843, -0.263926556256532, 0.19588182332602583
0.3666621274075534, 0.3973650682705713, -0.08375051209275292, -0.20974748792716555, 0.01867999737806938, 0.04421875656066983, -0.3166746927381855, 0.36714216288918905, 0.03196085888327575, 0.1622847880707902, 0.25182001494315, 0.23827786599999043, 0.12653426093563083, -0.18912495187012093, 0.03965756772823395, -0.13683588809141903, -0.2858291477663413, -0.004207055648909939, 0.038361527630690596, 0.09336090843989484
0.376796453605461, 0.3990425107071102, -0.03468118250570332, -0.2212937507892165, 0.11749708496455213, 0.02753042767215849, -0.2185075409969737, 0.42751218036554944, 0.025891355607250827, 0.17001877551427158, 0.3125872629683984, 0.47839488966961485, -0.029745895143238568, -0.16327959945580672, 0.1140833684005665, -0.03737721486483517, -0.3151150383394093, -0.11365752683972545, -0.13042565803271802, -0.09945963863843624
0.5716362486416287, 0.25222228673696023, -0.06058360024940312, -0.25279103432727784, -0.060468471846725894, -0.008098555869134244, -0.13909350450109903, 0.5542185107559822, -0.06683090365342832, 0.1882424708029782, 0.19022855091971758, 0.2756893761323941, 0.0712917237382108, -0.2345555164939267, 0.08048290881894855, -0.05307060248636219, -0.40663839228723, 0.07995280516882876, -0.009721895559073077, 0.021331209070326547
0.07189570650313801, 0.1278077277289725, 0.20216437892839842, -0.4923738687048599, -0.2724635101056214, -0.023382182434565843, -0.16099971740790203, 0.382088528060076, -0.006178550411264207, 0.18976225202839317, -0.08151587647677186, 0.22859436834975794, 0.1645279271143584, -0.029474973537792912, 0.3462904959045574, 0.14750372984773555, -0.3636170329769519, -0.08332168190842583, -0.35495229817116164, 0.0828067684554535
0.04517174566816503, 0.10700211845343927, 0.19246366750450006, -0.49711383636498163, -0.2802839105752029, -0.022786667693546377, -0.17009139038550597, 0.38290837932147914, 0.0008694928908723111, 0.16848852452834806, -0.05840757330458173, 0.23289478306660014, 0.16958038282683788, 0.002861400103390889, 0.3544969312068877, 0.1550447727374864, -0.3951175653955608, -0.08554044955833054, -0.35216790837513956, 0.08133441554161554
0.09471509152233329, 0.11419419477615701, 0.22006516544729457, -0.5658943843058825, -0.2549322572481266, -0.03330810497970558, -0.20136213907335146, 0.40290836318590184, -0.05948817072829363, 0.20819899129223346, -0.07398948541603903, 0.20109352314294532, 0.1684172625764764, -0.010853067786501662, 0.30991501618414713, 0.17301180655108328, -0.3870543589232323, -0.1453634760083736, -0.3402570753640252, 0.09676793622755665
0.12255111605731593, 0.2964934415412437, -0.38168052235371047, 0.2818550043594784, -0.08789647986012893, 0.4829975964097409, 0.5818363524499902, -0.28467899453989326, 0.33900354428951984, 0.29598024937242623, -0.0461792244944925, -0.015736754586616167, -0.001814110463548438, -0.21942796678852655, -0.014096237471725729, 0.38656781150112735, -0.018154874540085523, 0.3921948727308939, -0.1640441985223403, -0.25768195934946
0.11026942478420741, 0.24131679381041707, -0.3296410342111849, 0.2798909084472683, -0.08693368521625743, 0.48653529991683553, 0.5685819813042374, -0.30376986106979753, 0.288728537142828, 0.34050789839282797, -0.10814199790609168, 0.031396168258147554, -0.004113744732223196, -0.2585820068885264, -0.009775848538129255, 0.402958039109995, -0.0186008734990936, 0.4623042915534851, -0.1388044939839131, -0.1590021895916511
0.08822328449967541, 0.30563178401336255, -0.37976034521135366, 0.25708292418930884, -0.10834994260725359, 0.5108097601998279, 0.5968995375957887, -0.2077136997170564, 0.3266701087931369, 0.22309942883570535, 0.007228418495773244, -0.0339468756147237, 0.00942593292862377, -0.20010442738168172, 0.022443522827572747, 0.3374709171755706, -0.0401458943782089, 0.34474965417033204, -0.1239654390868372, -0.19873215460884106

(('euclidean', 20, 0.07, 300, 8), 3.6399125881354926)