0.1556481420993805, 0.33937668800354004, 0.21971116960048676, -0.16341306269168854, 0.4030683934688568
0.008794245310127735, 0.43001753091812134, 0.12219001352787018, -0.022697631269693375, 0.4582844078540802
0.3112121820449829, -0.020092414692044258, 0.5746417045593262, -0.2928730249404907, 0.1397252082824707
-0.2617996037006378, 0.253540962934494, -0.20130205154418945, -0.03815009072422981, 0.15779899060726166
0.019047608599066734, -0.061804480850696564, 0.518558144569397, -0.5978325009346008, 0.2631138861179352
0.053101107478141785, 0.30080151557922363, -0.28060251474380493, -0.03235640004277229, 0.8159239888191223
0.1836327165365219, -0.24813494086265564, 0.46152153611183167, 0.1885920912027359, 0.23159155249595642
-0.015141403302550316, 0.601092517375946, 0.24132387340068817, 0.2056175321340561, 0.5662187337875366
0.5077771544456482, 0.019723545759916306, 0.6239614486694336, -0.28504595160484314, 0.04337010160088539
-0.539523720741272, 0.4918520748615265, -0.27864187955856323, 0.37422478199005127, 0.12049594521522522
-0.28718265891075134, -0.5417870283126831, 0.7395805716514587, -0.5262411832809448, 0.13341940939426422
-0.7751604318618774, -0.024264588952064514, -0.1954651027917862, -0.3143227994441986, 0.37101492285728455
-0.047543156892061234, 0.0924985334277153, 0.38318192958831787, -0.9277915954589844, 0.39048901200294495
-0.05896672233939171, 0.04758572578430176, -0.3442433774471283, -0.1873299777507782, -0.14206035435199738
-0.10601124167442322, 0.054942309856414795, 0.6480358242988586, 0.4483093321323395, -0.08207583427429199
0.41528668999671936, 0.42354315519332886, -0.5191622376441956, 0.007591302506625652, 0.7178125977516174
0.21523891389369965, -0.43291327357292175, 0.2928707003593445, 0.23500633239746094, 0.3985585570335388
-0.18565881252288818, 0.19097937643527985, -0.2585078179836273, 0.0010759057477116585, 1.1222577095031738
0.755126953125, 0.0011994740925729275, 0.7315198183059692, -0.2794323265552521, -0.1839263141155243
0.04659809172153473, 0.7065571546554565, 0.40622231364250183, 0.46931958198547363, 0.7402152419090271
-0.7181390523910522, 0.5739136934280396, -0.17640046775341034, 0.3322571814060211, 0.19435712695121765
-0.47910645604133606, 0.282472163438797, -0.35674023628234863, 0.5768737196922302, 0.17707084119319916
-0.3934570252895355, 0.6624096035957336, -0.35876089334487915, 0.3006369173526764, -0.06949156522750854
-0.7492736577987671, -0.16652719676494598, -0.18097810447216034, -0.21865643560886383, 0.47148868441581726
-0.8036553263664246, 0.07118478417396545, -0.20879924297332764, -0.39235857129096985, 0.2956687808036804
-0.03289440646767616, -0.17745761573314667, -0.3680729568004608, -0.11176498979330063, -0.15315890312194824
-0.010745135135948658, 0.1527012139558792, -0.3771914541721344, -0.31591764092445374, -0.24610662460327148
0.5064905285835266, 0.45072510838508606, -0.5874432921409607, 0.015967028215527534, 0.7022467255592346
-0.218902587890625, 0.08664949983358383, -0.14195087552070618, 0.1250748336315155, 1.1840918064117432
-0.2724234163761139, 0.24090786278247833, -0.3845732510089874, -0.11586254090070724, 1.2245616912841797
0.08074627816677094, 0.7534328103065491, 0.48821526765823364, 0.6038853526115417, 0.8310058116912842
-0.11690616607666016, -0.6813396215438843, 0.7228372097015381, -0.5156018733978271, 0.021839292719960213
-0.3386482894420624, -0.5042766332626343, 0.8484890460968018, -0.6336873173713684, 0.2549722492694855
-0.48390835523605347, -0.4790811538696289, 0.633798360824585, -0.3829074203968048, 0.09078578650951385
0.05109362304210663, -0.034025244414806366, 0.2049528807401657, -1.0180162191390991, 0.3422427177429199
-0.2578832507133484, 0.22782538831233978, 0.3482173681259155, -0.955055296421051, 0.21719437837600708
0.007737400941550732, 0.1829162836074829, 0.5401445627212524, -0.9917798042297363, 0.6938103437423706
-0.029117213562130928, -0.07004956156015396, 0.5497348308563232, 0.7199791669845581, -0.09373132139444351
-0.20685410499572754, 0.08534183353185654, 0.7657247185707092, 0.40956610441207886, 0.028247619047760963
-0.08219903707504272, 0.1557287573814392, 0.6054717302322388, 0.31153690814971924, -0.25192922353744507
0.2396029680967331, -0.5428033471107483, 0.17120212316513062, 0.26636478304862976, 0.47452324628829956
0.24048076570034027, -0.5670691728591919, 0.16568079590797424, 0.18553851544857025, 0.5748119354248047
0.2602368891239166, -0.5869429707527161, 0.17960864305496216, 0.20623600482940674, 0.6100672483444214
0.9673606157302856, -0.052945442497730255, 0.9204143285751343, -0.2052602469921112, -0.3854539692401886
0.9248493313789368, -0.028470559045672417, 0.8295150399208069, -0.2945654094219208, -0.3970922827720642
0.947885274887085, -0.07602561265230179, 0.7903755903244019, -0.23104186356067657, -0.40973618626594543

(('euclidean', 5, 0.09, 300, 7), 3.6868255138397217)