0.15393541753292084, -0.11518725007772446, -0.10905894637107849, -0.18459521234035492, -0.22786375880241394, 0.5769240856170654
0.5816417336463928, -0.15889765322208405, 0.20734503865242004, -0.146985724568367, 0.13533027470111847, 0.3073573410511017
-0.2742045223712921, 0.07337410748004913, -0.14578112959861755, -0.15628021955490112, -0.3387600779533386, 0.47591570019721985
0.6888464093208313, -0.3369167745113373, 0.2186100035905838, 0.42135319113731384, -0.10525557398796082, -0.06377192586660385
-0.4465990960597992, -0.039943888783454895, 0.379406213760376, 0.30230310559272766, -0.6844125390052795, 0.4074386656284332
0.5587241649627686, -0.1250564306974411, 0.0689382553100586, 0.11731979250907898, 0.7093789577484131, 0.7895086407661438
-0.30214986205101013, 0.06658434122800827, -0.5481426119804382, -0.4071491062641144, -0.6350061297416687, 0.05533003434538841
0.6935219764709473, -0.03779495507478714, 0.3788345158100128, -0.49710288643836975, 0.16826219856739044, 0.17019596695899963
-0.617544412612915, 0.3079393208026886, -0.12625467777252197, -0.16922107338905334, -0.07755781710147858, 0.5335284471511841
1.0041073560714722, 0.38353389501571655, -0.052060406655073166, 0.5185472369194031, -0.2225290834903717, -0.31700047850608826
-0.8000668287277222, -0.7625812292098999, 0.42436784505844116, 0.23580609261989594, -0.6626282930374146, 0.49367812275886536
0.7286552786827087, -0.8322611451148987, 0.2637883722782135, 0.20110304653644562, -0.5673407316207886, -0.3451942503452301
-0.2584127187728882, 0.41596564650535583, 0.708707332611084, 0.5973091125488281, -0.6424883604049683, 0.2813328802585602
0.3698355555534363, -0.5990117192268372, 0.39549845457077026, 1.080325961112976, 0.09554129093885422, 0.030169645324349403
0.1113363727927208, 0.36363932490348816, -0.7396779656410217, -0.8041470646858215, -0.7172895073890686, -0.04722895845770836
0.30516648292541504, -0.03920139744877815, -0.1018083393573761, 0.42273586988449097, 0.9735233783721924, 0.6787444353103638
-0.7602574229240417, -0.24644604325294495, -0.6939575672149658, -0.2918347418308258, -0.6183736324310303, -0.31964340806007385
0.8651840686798096, -0.17074832320213318, 0.22511951625347137, -0.17989060282707214, 0.6896395087242126, 1.3073033094406128
-0.9452962279319763, 0.44942641258239746, 0.13641013205051422, -0.05550314486026764, 0.28535571694374084, 0.41328164935112
0.7702520489692688, 0.22482463717460632, 0.5309044122695923, -0.9108441472053528, 0.10632562637329102, 0.013959348201751709
0.8745320439338684, 0.397941917181015, -0.3885631561279297, 0.6356097459793091, -0.215326189994812, -0.3004757761955261
1.354702353477478, 0.28372418880462646, -0.045177336782217026, 0.42628851532936096, -0.338735967874527, -0.34617722034454346
0.8532231450080872, 0.6515709757804871, 0.18634235858917236, 0.4953223168849945, -0.1435040682554245, -0.35758712887763977
0.5123206973075867, -0.8666666746139526, 0.25407785177230835, 0.07236255705356598, -0.5216328501701355, -0.6644090414047241
0.873085618019104, -0.9584020972251892, 0.2881113886833191, 0.21940413117408752, -0.7266139984130859, -0.21664907038211823
0.34047529101371765, -0.6016037464141846, 0.4427335262298584, 1.2127165794372559, -0.10177066922187805, 0.2924920916557312
0.30421876907348633, -0.6763305068016052, 0.41037338972091675, 1.12699294090271, 0.2692989110946655, -0.12855829298496246
0.16463537514209747, 0.011874286457896233, -0.19025033712387085, 0.5868964791297913, 1.1205016374588013, 0.6515664458274841
0.7761154770851135, -0.019203834235668182, 0.42135271430015564, -0.27756160497665405, 0.6833332777023315, 1.4867128133773804
1.170724868774414, -0.41582563519477844, 0.019304925575852394, -0.20437315106391907, 0.7105721235275269, 1.3700520992279053
0.8090993762016296, 0.383355051279068, 0.6088646054267883, -1.1361268758773804, 0.058534663170576096, -0.0766666829586029
-1.029015302658081, -0.73126620054245, 0.4764869511127472, 0.21942120790481567, -1.0743271112442017, 0.43447789549827576
-0.9560431838035583, -0.843423068523407, 0.339849591255188, 0.3547874987125397, -0.3615645170211792, 0.30440568923950195
-0.5347959399223328, -0.9319827556610107, 0.4894242286682129, 0.08829688280820847, -0.6226637959480286, 0.7820299863815308
-0.31621435284614563, 0.5378148555755615, 0.5383276343345642, 0.961869478225708, -0.5078330636024475, 0.2913881540298462
-0.3032206892967224, 0.44085171818733215, 0.9007816910743713, 0.5155864953994751, -0.5728896260261536, -0.04644775390625
-0.026940299198031425, 0.5690385103225708, 0.8449874520301819, 0.4897468686103821, -0.7969284653663635, 0.5349786281585693
0.18785306811332703, 0.5472513437271118, -0.983070433139801, -0.735187292098999, -0.4822870194911957, 0.16004791855812073
0.09758904576301575, 0.13316716253757477, -0.6458035111427307, -1.2595618963241577, -0.6761394143104553, -0.044194187968969345
0.2654387354850769, 0.5220985412597656, -0.6441178321838379, -0.6719750165939331, -1.0575987100601196, -0.33598610758781433
-0.9147289395332336, -0.4152717590332031, -0.6468026638031006, -0.29239481687545776, -0.5432085990905762, -0.5487980842590332
-0.8631877899169922, -0.3357222378253937, -0.6648771166801453, 0.03670857101678848, -0.7711959481239319, -0.5891702771186829
-1.0441374778747559, -0.34928590059280396, -0.8616670370101929, -0.45582231879234314, -0.46743717789649963, -0.30014094710350037
-1.2908246517181396, 0.609718382358551, 0.46419981122016907, 0.0729464739561081, 0.19406867027282715, 0.4069504141807556
-0.9405360817909241, 0.4574586749076843, -0.013017668388783932, 0.2396584153175354, 0.4700471758842468, 0.024127347394824028
-1.0175327062606812, 0.34899917244911194, 0.5217437148094177, -0.05809513106942177, 0.4165549576282501, 0.39737558364868164

(('euclidean', 6, 0.1, 300, 3), 3.7484938502311707)