-0.029613733291625977, 0.24014350771903992, 0.03019346483051777, -0.03751235082745552
0.1853460967540741, 0.08047173172235489, 0.05302881449460983, 0.15463915467262268
-0.2931872308254242, 0.375890851020813, 0.03136291727423668, -0.2738235890865326
0.40754589438438416, -0.3035677969455719, 0.12982986867427826, 0.06009809672832489
-0.5881999135017395, 0.8042197823524475, -0.12889111042022705, -0.5394280552864075
0.23024746775627136, 0.12906721234321594, -0.22865399718284607, 0.30567196011543274
-0.19882206618785858, 0.19127459824085236, -0.04170319810509682, -0.6054890751838684
0.14895574748516083, 0.09913177788257599, 0.4220217764377594, 0.22989074885845184
-0.5935384631156921, 0.4135396480560303, 0.16065208613872528, -0.04440952092409134
0.79093337059021, -0.41964301466941833, 0.5990998148918152, 0.26016199588775635
-0.21951569616794586, 1.278676152229309, 0.008498657494783401, -0.5541720390319824
0.9606150388717651, -0.3896443843841553, -0.27484190464019775, 0.05062948539853096
-0.8818203806877136, 0.7860816717147827, -0.23479919135570526, -0.7298698425292969
0.2757233679294586, -0.6748186945915222, 0.08672139048576355, -0.14519205689430237
0.31801143288612366, 0.3924567699432373, 0.047111526131629944, -0.843397319316864
0.11658500134944916, -0.11878949403762817, -0.6456053853034973, 0.38105493783950806
-0.3221457004547119, -0.0853065624833107, -0.15909136831760406, -0.7056160569190979
0.2877160906791687, 0.6354045867919922, -0.4409211277961731, 0.42504286766052246
-0.7242634296417236, 0.35395294427871704, 0.30221834778785706, 0.32261407375335693
0.05769214406609535, 0.10292232781648636, 0.7824907302856445, 0.20148122310638428
0.7629835605621338, -0.4774188697338104, 0.5378165245056152, 0.5199323296546936
0.9573572278022766, -0.23367343842983246, 0.6213184595108032, 0.14933167397975922
0.7230761647224426, -0.5599648952484131, 0.7046003937721252, 0.17187900841236115
1.1413971185684204, -0.4634878933429718, -0.18381862342357635, 0.02518503926694393
0.858522355556488, -0.33840399980545044, -0.4358499050140381, 0.0641835629940033
0.17126056551933289, -0.814724326133728, 0.018957043066620827, -0.04906507954001427
0.3026493489742279, -0.7181347608566284, 0.15903130173683167, -0.37366628646850586
0.09052735567092896, -0.1817198246717453, -0.7169514894485474, 0.38082075119018555
0.09684747457504272, 0.7064582109451294, -0.516452431678772, 0.447155624628067
0.4705604612827301, 0.6739352941513062, -0.4047934114933014, 0.41998353600502014
0.02084009349346161, 0.09933686256408691, 0.9307737946510315, 0.18247810006141663
-0.04760071262717247, 1.2027305364608765, -0.08315972238779068, -0.4257678985595703
-0.3568825423717499, 1.4423160552978516, -0.0778738483786583, -0.5865387320518494
-0.18457169830799103, 1.2257823944091797, 0.22769664227962494, -0.6620755195617676
-1.0813919305801392, 0.6197147965431213, -0.1861434280872345, -0.6481603384017944
-0.9870103597640991, 1.0297654867172241, -0.30878347158432007, -0.7285352349281311
-0.8133745193481445, 0.7182386517524719, -0.30201441049575806, -0.971296489238739
0.2826073467731476, 0.3020007312297821, 0.35859671235084534, -0.9337432980537415
0.4790940284729004, 0.42881402373313904, -0.0053246719762682915, -0.6276534199714661
0.2592378258705139, 0.44665709137916565, -0.15854978561401367, -1.0127651691436768
-0.36452949047088623, -0.3174576461315155, -0.2608788311481476, -0.768465518951416
-0.43732303380966187, -0.29478421807289124, -0.2577494978904724, -0.703624427318573
-0.3729621171951294, -0.3767574727535248, -0.2081317901611328, -0.8076322674751282
-0.7657008767127991, 0.19092527031898499, 0.3962975740432739, 0.5485902428627014
-0.697131872177124, 0.3838335871696472, 0.4004220962524414, 0.585914671421051
-0.7464674711227417, 0.3017016649246216, 0.3800051808357239, 0.5388597249984741

(('euclidean', 4, 0.07, 300, 7), 3.4826190769672394)