1.0381557136197868, -0.09466544946185534, 0.033112291929100424, -0.23652755521915078, -0.10846211386861067
1.077395796229119, -0.19270713487034152, -0.11694261981215326, -0.01742606772714257, -0.33115920300858354
1.0694622283549635, -0.02481925404751097, 0.2245050054975708, -0.26685276650827927, 0.1466988957692011
1.1273950279103315, 0.050398837677840064, -0.4752316211838521, 0.10093583554580683, -0.18012875796856348
1.1543666643595816, -0.2379054091203364, 0.23214707321153855, -0.1689676704264867, 0.43991030318226804
1.1690998735855567, -0.4370858805210602, -0.009434810649395718, 0.3225438590106083, -0.2676320063621856
1.1974124441092626, 0.3287386943185341, 0.5599216557713216, -0.06725355048687379, -0.08770479753510954
1.2816983607963868, -0.3776669170753217, 0.08738600135878727, -0.2633824633535352, -0.6504704086884449
1.2049232332353785, 0.2284724482667628, 0.10746820815424195, -0.5652352759732248, 0.26191602739232833
1.54573050397371, 0.5594425026424824, -0.7585953786122615, 0.07584542149948803, -0.7036244742315466
1.3053073929201446, -0.38045739584836574, -0.056553800562931536, 0.2100795454497587, 0.7153655094997072
1.2414275999066153, 0.45424744400554895, -0.4913881124853132, 0.2734564126031384, 0.1362389765767074
1.4995596326052112, -0.5404328089463609, 0.4447707734307775, -0.48083483999683096, 0.7263527287072254
1.3846213366352444, -0.23012059475228697, -0.8966523058400977, 0.175272557198921, -0.1717991002916245
1.4101249877664221, 0.24279320971719576, 0.789523966032496, 0.12443085834949884, -0.5391408044186595
1.4037801753058106, -0.9111248038638127, -0.05245965294771809, 0.2962427803533887, -0.22346939894947584
1.295378307632523, 0.594434280388119, 0.5663481568878957, -0.013618576141005439, 0.06096839966682135
1.2855874028295295, -0.245625645295564, 0.13252169881342082, 0.7355910460504054, -0.1837030892532524
1.3601042185227694, 0.385422074669472, -0.18481152308527188, -0.6666020609219577, 0.47203781936452266
1.5246428405896597, -0.5439772330586847, 0.37560295411665945, -0.4899745684663524, -0.80465638901967
1.6412091575598724, 0.5949993384519631, -0.8036314949222818, 0.32556327645748695, -0.7666343714518394
1.6629272763256018, 0.412452113565793, -0.8828945374567618, -0.06714109735805279, -0.9006662473621188
1.601434644278458, 0.7713338926076831, -0.7490754720739025, -0.0859849207228485, -0.6333478322024128
1.403993184312345, 0.5186087792361854, -0.7195441092047266, 0.3334992396294544, 0.2706960061951861
1.2770709408246057, 0.6361308151539601, -0.30411366772815757, 0.3279556083024475, 0.16188814037507931
1.5385576279566295, -0.28148556478878367, -1.075411582267106, 0.3617354108675741, 0.023724936444530758
1.5344723616230256, -0.3599238947139545, -1.0457928489847133, 0.06095989327764882, -0.35729739296963564
1.5386720148704105, -1.1150700137485472, -0.06873963192834762, 0.27897263850131954, -0.20391067591999995
1.3417803353264774, -0.31383374011331616, 0.2776022796653262, 0.7889535507530768, -0.04870442396793182
1.3879877758901675, -0.08900015598996996, 0.010630047414110177, 0.898089805701109, -0.33453062825698515
1.6912153553714844, -0.6339946420685256, 0.5413448389425142, -0.6207857713179229, -0.8830803834035795
1.3104331631787975, -0.13669296955971763, -0.11000583028987204, 0.4046686811917554, 0.7229744691180293
1.3583278954836642, -0.5094614628986295, -0.29297086731609534, 0.11924723592082824, 0.6967437528242114
1.4882260679922408, -0.5498605317595279, 0.08623961433659685, 0.29396481549176406, 0.9047749119182867
1.653699794857759, -0.8524141713953222, 0.439419511895139, -0.5015481145330835, 0.7506484352152925
1.67785625627154, -0.4854699452375591, 0.39716141876308425, -0.6450498054992865, 1.0028430110700357
1.6116332414245742, -0.5054472270312812, 0.724941403438994, -0.5876206326327311, 0.6863284630811101
1.507218831243231, 0.18038618769545348, 0.900488345078416, -0.052948486182143414, -0.6522933594111373
1.406252198722157, 0.276968440817292, 0.6004472259409067, 0.231174518537498, -0.6977500985603403
1.5862403635317, 0.28179072903433633, 1.0440181931664951, 0.28463518780079194, -0.5155204148532354
1.4749714464570716, 0.9128484792996762, 0.5532406472867888, 0.008705561374989406, 0.18999321328609653
1.4517842312583344, 0.871784406244406, 0.5419191570063897, 0.045860271580165916, 0.2277934720739797
1.4376647654785712, 0.84066473090588, 0.5632599888580696, 0.05601525250477069, 0.19940728308648492
1.4906060886091466, 0.47583543743280166, -0.4056542695184599, -0.6855971765464555, 0.6007397714607933
1.4474464826580011, 0.4329269092015811, -0.36644218199018447, -0.6398072545855374, 0.6033592757935977
1.4866373874683705, 0.4684717760350287, -0.35044687396809165, -0.7094785696823638, 0.6036986537709251

(('lorentz', 5, 0.05, 300, 7), 3.618276058942084)