1.1144716915272157, -0.14387925359954093, 0.20608850941303325, -0.0431731968452022, 0.3554802778530753, 0.22504062970662025
1.1130142831670953, -0.3571193842929732, 0.1517083068558236, 0.044172899903415455, 0.13130128588712905, 0.2627924214387076
1.1100318324925216, 0.1848341591598627, 0.21330892322008896, -0.12404345225938576, 0.3701546625028868, -0.010249575991498892
1.104274060537224, -0.19767056139498745, -0.29269881793207936, 0.003216384412956295, -0.2885685131854531, 0.10673715371681886
1.1861960889896608, 0.4015978618249449, -0.12374528073325802, 0.10984903982838783, 0.4481121657832156, 0.1326502911195605
1.255923849157572, -0.47781091226364036, 0.5008063151632983, -0.1243843115950352, -0.12256365386548311, 0.2602713497050517
1.1800918624186183, 0.16212731611892298, 0.20189775818896058, -0.15114805954236488, 0.2881225077531857, -0.46873075104539863
1.2673129474744356, -0.557674760798325, 0.010242507534295625, 0.44514253871456266, 0.22504537038298017, 0.21489243946733805
1.2220153279599304, 0.44549607587418233, 0.4096715313452332, -0.2797556257546733, 0.20354748166644204, 0.0856104965575659
1.2525192949646766, 0.03558854651655199, -0.45412708383952355, -0.44449805441598417, -0.3923851929559589, -0.09880268877100418
1.3569639038237298, 0.20808677072139187, -0.4748889006802996, -0.14924281224156222, 0.7412694165388107, -0.02788725946336475
1.2894746909064991, -0.23641023197097022, -0.41059724195151676, 0.39967366798249343, -0.48720846660677986, -0.20286437537857882
1.2804029510915786, 0.5480058199038736, -0.09803406738377776, 0.38755890022524503, 0.25475842837317864, 0.33824089370850235
1.3782972215130624, -0.30496157057420303, -0.5201496835924057, 0.00975933078785786, -0.4053557849638577, 0.6097027316825564
1.458139715290925, 0.2177834311587672, 0.034109317244167846, -0.3718731253276218, 0.1214258815536462, -0.9615323680701227
1.4238899198314703, -0.5663682126100912, 0.7410944144797532, -0.3471678302049415, -0.13676476011196353, 0.13505005898459646
1.2338779313495043, -0.10494150006988225, 0.37656173216221506, 0.1308515566658302, 0.15944177565516998, -0.5719261169062512
1.4814028195885083, -0.36578297676851074, 0.642809729329358, 0.08691481622444544, -0.46834232731548725, 0.6485784908829854
1.2534564751136774, 0.5255922519200094, 0.4177299132076116, -0.3128503255876844, -0.08693929121363721, 0.12236777664307869
1.4188377922295388, -0.5950619206597605, -0.09995958595748386, 0.7189395285779459, 0.3412389936310399, 0.12526761707845224
1.3418464071010419, 0.11711666018732914, -0.38837944038793865, -0.579372254235515, -0.5457771388782693, 0.04951751347150109
1.260776778398176, 0.1351876633988827, -0.554248497619383, -0.47428134132854904, -0.17937930480053735, -0.08349405832967395
1.3796351417199577, -0.09200012990529739, -0.510547960006042, -0.46362347872147613, -0.5660981387546656, -0.3144138167708686
1.3256937909215472, -0.1834806064416612, -0.43706723625284083, 0.4001550060058822, -0.46076911652390595, -0.40042342310141865
1.387746105761765, -0.29900455531537806, -0.4423394622459934, 0.5278113592950006, -0.5804701677173548, -0.1588737973577526
1.4770257877652624, -0.4077664826729134, -0.6491063831927903, 0.11114920308040036, -0.4098930490517446, 0.6431377143537648
1.4766648234743378, -0.23708031645611025, -0.4819057296058938, -0.11893095527016824, -0.4789494276521223, 0.8053332638347983
1.5091869039012342, -0.6023532382654002, 0.8349909669614249, -0.4468988621136542, -0.11471863780530406, 0.06875182566754846
1.5131331853486873, -0.32363050053341497, 0.6569879036416643, 0.15848634112992255, -0.5850708751872609, 0.6211089927535667
1.598400855200001, -0.3836940782812612, 0.6994533358255107, 0.08501820631091277, -0.471227519714356, 0.8301480039475401
1.6279786053225895, -0.6329113217821976, -0.19817759120430478, 0.9874354368494321, 0.48288135210097627, 0.0475404915788541
1.3581666121734188, 0.09926535973221497, -0.6082634697607125, -0.18483923867256014, 0.6479378880736777, 0.10387220600374729
1.5813131426864266, 0.2446244454733495, -0.4854107627989834, 0.03569645173909283, 1.0869675214349757, -0.14937837175218094
1.458090320024611, 0.2778812651404013, -0.5027217206071058, -0.36746787587102175, 0.7980997410446645, -0.1551915558609822
1.3579921903170329, 0.6787468804531717, -0.23073543612758163, 0.35713019355259573, 0.1326840518916818, 0.43018552623123696
1.3548841312263882, 0.40763878227293326, -0.18843498690655244, 0.6742026788293743, 0.16980165859352755, 0.3881391922285548
1.4910761133464252, 0.7749061689852901, 0.15150665618859252, 0.5184959914635449, 0.3552996244062056, 0.4525463754405942
1.5228154222649557, 0.15554965688873043, -0.021213022655723186, -0.6127491288772626, 0.017757587847779595, -0.9584071657357252
1.534360603631096, 0.4598875025454854, 0.037064756479228016, -0.3168604973744762, 0.055488366891100954, -1.0187799650307965
1.6296009420496518, 0.083824375541007, 0.03795284614759207, -0.31683012669501354, 0.22967757619882676, -1.222292586770215
1.2791237109112756, -0.1948387284234293, 0.39538339060842875, 0.26092075662059866, 0.03043028158238311, -0.6106239995939461
1.2904992222601062, -0.25910639125994817, 0.4040986032258584, 0.2091619076396204, 0.015414930824063677, -0.6252760317118672
1.307685328273548, -0.29186562762539753, 0.40696243615730665, 0.2072717528974002, 0.07250495937385926, -0.6411071673805203
1.3088139497659401, 0.5602882410321953, 0.3729265878252777, -0.3269478695964101, -0.3625427343753645, 0.1471891927893054
1.321366329052782, 0.5824571637509534, 0.3957838429651571, -0.3233044333687607, -0.3570699520209229, 0.1344733071104894
1.316163186403469, 0.559797508203913, 0.40442273256215167, -0.31404786422067443, -0.37595017976136946, 0.1240561878956954

(('lorentz', 6, 0.05, 300, 7), 3.43548862054054)