1.0175378611269237, -0.0304923444496133, -0.08173846547625382, -0.16665034958951724
1.0716421747055778, 0.1078778770807957, -0.33285497902542105, -0.1612044576996161
1.0562585658002357, -0.17742457222098518, 0.28658628324543717, -0.04550803505027532
1.1822769728025042, 0.10059084113316095, -0.6007926536273578, 0.1634273858524765
1.1842023224758416, -0.5139168129950034, 0.3166322858821461, -0.19485544748680445
1.3297526242892481, 0.49183392392136766, -0.15000451139304335, -0.7098169338963302
1.122640557458568, -0.03812409496404899, 0.3301874477261937, 0.38709769309325365
1.4852839681766363, 0.3329016212269035, -0.9068615746966731, -0.5223476438596285
1.1258488500806112, -0.003821326565298694, 0.49106592752883604, -0.1624046967035119
1.4097635718275883, 0.6896390756862044, -0.6176497155347801, 0.36102645697865776
1.509811051457234, -0.9239592892144692, 0.16228279629014042, -0.6320545364167119
1.5370166939822145, -0.37504059486284236, -1.1037128255535762, 0.05985706719747607
1.742634985083321, -0.9683250662479516, 1.0425825945791676, -0.11020340644833834
1.481671504411337, -0.05772322462661129, -0.7421905454215478, 0.8007319592785879
1.4607149810206939, 0.4292958385305096, 0.6596222662205438, 0.7171414119298556
1.5747054808037877, 0.4425711071087698, -0.2477175863727488, -1.1056510135787267
1.2955021767011605, -0.2746563374211089, 0.20624732258543815, 0.7485665154668654
1.4809508981663553, 0.8729997764498456, 0.1929797845429156, -0.6275713153546962
1.3871369153589108, 0.24276278153412265, 0.8927156128795051, -0.26129272545254656
1.7113697371575138, 0.43596362299949615, -1.1728552313445086, -0.6026049311012566
1.3477782130836635, 0.7158038928869292, -0.34237827732251935, 0.43232859471537927
1.5339513449239832, 0.8830757663895776, -0.7448486777295619, 0.1355889622870531
1.707871665431063, 0.8219719524392313, -0.9409407683460893, 0.5965049919738998
1.6152127898925885, -0.4446648636979958, -1.1676464181589692, 0.21860319710738846
1.5936510766868035, -0.40070480769128475, -1.1644963687419654, -0.15201190251054314
1.6398293961775359, 0.04641902795942601, -0.8515787229186472, 0.9806627356454053
1.5273847039496178, -0.19070358478656643, -0.7397660433745443, 0.865610985188373
1.7535151057002418, 0.4729276037098105, -0.2652621843930071, -1.3344626937832609
1.4628902861782915, 0.964123713867134, 0.18767931357503698, -0.41867640130517436
1.6892325804804131, 0.9991296035056474, 0.3531497926989785, -0.8547116298915277
1.9425712197077867, 0.5319713375373955, -1.4206536886767178, -0.6872645316942436
1.665887160751355, -1.2189058158227652, 0.15412424903885522, -0.5154554882507885
1.677580584930672, -0.9973193578456242, 0.37721652106843756, -0.8230057190783988
1.4711202640372074, -0.7854509920939448, -0.0318040643791189, -0.7390873235068437
1.9220139062751698, -1.2084395580324863, 1.0786284292504782, -0.26527721747265215
1.7251806848413465, -0.9726777360552634, 1.0039638172062761, 0.14900694907509363
1.7905030799485915, -0.8609283303148471, 1.184973213003162, -0.24605319309377893
1.5534330810822714, 0.5016794872180089, 0.8875979974999865, 0.6112624839947634
1.470537945429993, 0.5920788132843282, 0.4619101471491423, 0.7736688850987508
1.7436836157069657, 0.3072371833806746, 0.884009439963898, 1.079150209603808
1.4654832116970402, -0.36975990694136773, 0.16008476212294417, 0.9926185188281667
1.4902312476369695, -0.39379866891555854, 0.15826377245964093, 1.020129579083371
1.4577942663481798, -0.366006264791951, 0.16047179904510378, 0.9825743426539794
1.5547677792079566, 0.3998719231554734, 1.089768962251136, -0.2642137415980986
1.5354115275630078, 0.35342143023368844, 1.0708888677846935, -0.29288032450091306
1.5464372728851874, 0.3833046320390509, 1.0821595389505156, -0.2710655461035043

(('lorentz', 4, 0.07, 300, 7), 3.603896121218288)