1.150470652960074, 0.20768443433166042, -0.18729282965379684, 0.08320476749187757, 0.076090690212683, -0.004888035703132322, 0.1181613958723605, 0.10875044242195772, -0.18732717468514348, 0.1209860016170521, -0.07010127868498348, -0.11401333280466064, 0.019575993448840468, 0.1129794409290153, 0.24908118939330942, 0.0443778462852973, 0.08438147421787474, 0.12602448696001006, -0.14885662704854394, 0.12993992264554458
1.096474838022144, 0.15122101626023432, 0.068474847472017, 0.08741977986241048, 0.09962027142241818, -0.12313635803034811, 0.2366706237373444, -0.0475798359115362, -0.1433817791435013, -0.008347628144581431, -0.0523064289607794, -0.03813910796166254, -0.08203886720452176, -0.04621312316967185, 0.0700360641512435, 0.09052970845047344, -0.07547645859216696, 0.11527028587795601, -0.12777026034350208, 0.04000266826536883
1.1200391309494915, 0.10255710481022252, -0.24966879308272263, -0.011854516780913942, -0.017106141075174833, 0.09613392556042774, -0.10883649683638208, 0.14155723689682598, -0.06458188829938095, 0.18470694544889144, 0.02901081700208454, -0.04830597914751008, 0.10678045358549003, 0.16367804304793618, 0.16624070669549976, -0.04917335633774929, 0.1434303809715139, 0.021737494882932994, -0.02136897782275878, 0.09415900092582573
1.1132004992290552, 0.0922134893362614, 0.14670970367694372, -0.07298157580704893, -0.05141045830912971, -0.12738171173376917, 0.19554198557436842, -0.13321679781106735, 0.11962334689748412, -0.12722102695878074, -0.10001913984872768, -0.08552311991506886, -0.12125946379526954, -0.04416039285537281, -0.005472745140772983, -0.01772167526176825, -0.09965056476409452, 0.13054094852907364, -0.16608123545339004, -0.098205562054333
1.185649611886754, 0.04810169209240535, -0.16060487525496583, 0.10949237095659402, 0.10564984875771403, 0.2633164288645165, -0.2684082773280148, 0.09916725718919754, 0.09933139252653919, -0.0778234106298359, -0.14393248953857493, 0.12041106597503487, -0.047390849104823565, 0.08376619951945599, 0.16236927347299882, 0.10932573074641022, 0.1440882797017579, -0.21005569151244988, 0.06739278825240864, 0.18748431822537864
1.1790856832776078, 0.0822885816177966, 0.21447384586481275, 0.2915383022763159, 0.12911387345909453, -0.051024298194181764, 0.19281310187111284, -0.052284650553971926, -0.2723062468255045, -0.007640659764186516, -0.011723877680898418, -0.042395753178663384, -0.1547700117972651, -0.10530180406505366, -0.029403658198727534, 0.044547092279707254, -0.144412607104906, 0.1900067212306541, 0.003730254282679095, 0.14928811524611788
1.1500644201192491, -0.04652677082542875, -0.29906128132331633, -0.05508295416769226, -0.037107518706511654, 0.11608149664279856, -0.09409547810182632, 0.13097603136946384, -0.08334801133672717, 0.2338066378084888, 0.005875376254913513, -0.1520684306341194, 0.17978181197243273, 0.15273757422595705, 0.09668131497908723, -0.16239300343863128, 0.07093958989611071, 0.010566898077206384, 0.07474013062856871, 0.016736829781820502
1.2429948612089654, 0.25287419590309235, -0.039050180101449006, 0.016306601834576086, 0.26948930804503207, -0.23239841767855834, 0.339619634508589, -0.0888118574341575, -0.24487333511138237, 0.014073039131285114, -0.06636429183976973, 0.0990743798638925, -0.04461610783740275, -0.07807189942018533, 0.10732419432288827, 0.2869328367893603, -0.10731671530599082, -0.059362520766559186, -0.19158627660666033, -0.03709037592002847
1.2345051387384869, 0.23545414975702428, -0.16834928000450752, -0.08304555654685042, -0.1059518786635285, 0.04720263667660281, -0.2715257531361508, 0.17519027486052413, 0.04652259006274216, 0.2434020319146186, 0.2530095259095815, 0.12786858512450508, 0.12529900381631437, 0.21619058306540573, 0.1463472469646511, -0.032158434364475075, 0.2693499162286404, 0.03318881531269785, -0.07463584605444576, 0.09782693684425436
1.2955595855550273, -0.24021692186491675, 0.14621875021605663, -0.2760239650657483, -0.25321938285545725, -0.422887635639325, 0.3377104499134557, -0.035754777888607064, -0.02703247298386391, -0.15609972867481467, 0.019308615248593834, -0.010262708505313304, 0.06629245812494342, -0.061840104781325435, -0.09014920209022295, 0.09363666733621807, 0.11623152363313538, 0.0997621261894749, -0.02561521323821966, -0.3001875267065482
1.3281858876570791, 0.18833675668964203, -0.03843516545827642, 0.0831297270729481, 0.10842791765411365, 0.25973683453570456, -0.2883430684971011, -0.03356845781808899, 0.3306043015726029, -0.13964369104017518, -0.26854067275457605, 0.2606344618346045, -0.17382496195746974, 0.17136538028035364, 0.23047109260794763, 0.15065891388809008, 0.11371786871214273, -0.23172952473207045, 0.14442265696615486, 0.25495557943476743
1.2320062181547669, -0.007052101572651393, 0.190546330857286, -0.09621268495339091, -0.16106349071812365, -0.043553260087390376, 0.23923933531148783, -0.04125789858330641, 0.4129195002065985, -0.06887748199442661, -0.051579087877428396, -0.20375905971439112, -0.1519441361913016, -0.22143809315763083, 0.013437485798488665, -0.14955364424380785, -0.09264761670194033, 0.1497734063882697, -0.20021777609090827, 0.015890190853619156
1.3269118700856777, -0.26577354449896745, -0.1431857138016578, 0.2338684738021175, 0.19017257524549863, 0.3030776995789319, -0.34254056343482536, 0.23831872905411486, -0.13072626727507106, -0.24319270823915956, -0.01899414532652934, 0.06330370793162417, -0.007378498215797354, -0.21416048867438345, -0.027642659927544326, 0.1816548915937729, 0.16259723433373016, -0.34817220892728484, -0.03295970870570812, 0.060673857346826385
1.2623707132993973, 0.19847554626286218, 0.19858460843934234, -0.12163600721518279, -0.05580769450917966, -0.10471624442633846, 0.04016318549008503, -0.3203793146315811, 0.11878298043584418, -0.28560091604141835, -0.22433821844836424, -0.05065019937332732, -0.1997350683444265, 0.1364999354535178, -0.09013206430706495, -0.05974865503014786, -0.18259554988180696, 0.15540939534414924, -0.1729123040289872, -0.27465955986575147
1.3726123815671512, -0.2864862924106208, -0.5425041094832936, -0.26250439979584217, -0.28705313554851786, 0.19901847331202657, 0.020882100295262256, -0.009179263057513577, -0.24016584985730302, 0.299666839945164, 0.07826626357493234, -0.16172095715324455, 0.19903949251763775, 0.052104248754052264, -0.20115034371057774, -0.16135548957492257, -0.0028658242273375224, -0.08397829275548893, 0.13246983527596728, -0.05519358544936576
1.3529110614799646, 0.07133981057009846, 0.3436906294218568, 0.4089115159907263, 0.09497099954794316, 0.0027575236897696164, 0.12805920730329354, -0.06540194069712132, -0.42110000116248675, -0.044128864587401416, -0.11987107141740704, -0.042527795172069276, -0.4032827349712015, -0.16361711633521123, -0.0694633423900633, -0.020745997751545318, -0.09958205381538303, 0.2948112482031162, 0.09032771350653017, 0.12304771575953148
1.2613210326344966, -0.20244997755335606, -0.05727535245548026, -0.039617337131787556, 0.07782146666863587, 0.01787714255131155, -0.17334655940911675, 0.15771731184771823, 0.07350661627390473, 0.23349428708392145, -0.00824682521540251, -0.25775657918989614, 0.28435360551551386, 0.13261392555848953, 0.062063646155928326, -0.3894204608440592, -0.04996435836008706, 0.048219169077992965, 0.259667844477041, -0.17655990488207568
1.340663178749754, -0.01836856498729368, 0.2920514364620627, 0.4403109013724314, 0.1990816588318437, -0.018098145308569524, 0.23596187849190617, -0.05726608564752147, -0.22314988323107776, 0.02294034093205342, 0.202121740986741, -0.07435103056556072, 0.07601374244294565, -0.12452074652993071, -0.14297223162392747, 0.04482865577220676, -0.3370964860337844, 0.18283428579063646, 0.0729074063037466, 0.35516007334724936
1.288648701691334, 0.2636371726417816, -0.04584065303119777, -0.1391051820469198, -0.1593642686428722, -0.005955986821622057, -0.3327143717625906, 0.13193061981820384, 0.13713833747191564, 0.2463932881537914, 0.3723328492468776, 0.23662513907630617, 0.10778644308970858, 0.20048888551050986, 0.06443595638280405, -0.04059930766657629, 0.2755115379011214, 0.03517410277933815, -0.06422510876477562, 0.05567616528228315
1.3975868554594297, 0.2977529902354825, -0.1520768866983858, -0.06906335558984074, 0.3710732641478082, -0.29281859276482153, 0.3729993125367106, -0.10854100489745667, -0.29195990222740675, 0.032022913172936915, -0.06877854159731886, 0.21177559827640854, 0.007383054457853238, -0.09102000460901827, 0.12306889752080256, 0.42333858189885043, -0.11029371307854731, -0.22489396923937702, -0.22093256550336574, -0.11067074929785838
1.363053569124234, -0.2193537926013655, 0.09053995045563144, -0.36433581054856734, -0.34014036058398334, -0.4174162520647741, 0.33631512346258624, -0.05862123178378007, -0.10142134482545004, -0.0904216947928544, 0.06504966791436574, -0.1027953249284947, 0.06476522555130422, 0.0093256865861079, -0.16072163643627105, -0.014139294585991717, 0.0896144945165556, 0.13479713935741686, -0.02273191836946735, -0.41484145569959746
1.3195241494685106, -0.28275044024089346, 0.037798639387670946, -0.3233237239135688, -0.21852168931444085, -0.39414509532470055, 0.2966994344895274, 0.03543470314640487, 0.08375479029697826, -0.17222945716489074, 0.01927198733395252, 0.057549995577462515, 0.2050683690180405, -0.12228827952635918, 0.036988279339956034, 0.2001027728055092, 0.2444283183052519, 0.0361242837340133, -0.10058490617312124, -0.2299901746113791
1.421007958853121, -0.299924062193878, 0.33336330280659743, -0.18704094823208509, -0.23613845896695104, -0.5480630826150518, 0.44169474481983684, -0.06503949297672953, -0.05108140793335105, -0.24753154535169447, -0.020426324559858572, 0.04851552744106914, -0.025325187767397783, -0.10894783393205394, -0.13883853921346812, 0.15589994198370397, 0.07407649179501173, 0.12478391973779134, 0.04871764881592811, -0.2855853866508848
1.3394965792070221, -0.07255813401168855, 0.15483796590371723, -0.16448782162366035, -0.1861252202573945, 0.012199578996394466, 0.21257478638996463, -0.012748654506587083, 0.591704636448958, -0.10747427387128894, -0.10733901824732162, -0.23900418433447537, -0.21516076296468525, -0.30846297482103024, 0.04654382579360532, -0.1461438748880143, -0.0576844054579007, 0.10656240031642421, -0.21874549983809502, -0.0017484169626202789
1.3404258874263975, 0.02140619720799557, 0.2906144839893097, -0.03770872751498186, -0.22008947556206807, -0.05025259964100943, 0.3134804099970477, -0.035608301474117164, 0.44421473728923827, 0.00019889000363691888, 0.03385986158226997, -0.26497087569506456, -0.12039967704552144, -0.24475511696017271, -0.018669940510817308, -0.2693944067842302, -0.1549731453151153, 0.237174591869343, -0.2273430494876064, 0.10928299611658938
1.3230674874655208, 0.25561001015501633, 0.1815898558527636, -0.16065871370557702, -0.051544797559134846, -0.08442116023649067, -0.1220520908599266, -0.33689294779206985, 0.1414302907979421, -0.31853289437819476, -0.2928053673990148, 0.03252449674378251, -0.26479612494524946, 0.19182774321591947, -0.06743544686870617, -0.05992853196263444, -0.07985650426909582, 0.07825916900564432, -0.1794662629737012, -0.34667785592085776
1.4177711966474194, 0.22493839897969523, 0.2609733810093507, -0.12384895305203757, -0.06915580837859779, -0.10892060496036818, 0.10014392398712492, -0.43382374629744846, 0.12952289794471963, -0.3653678363083681, -0.2523530431546231, -0.11715793138296644, -0.208973760009099, 0.18913359237644606, -0.16160246393504094, -0.09701339570024976, -0.33775484364902225, 0.2511077057395916, -0.1914235968441538, -0.3236222400141808
1.4565531475075675, 0.0660344669183625, 0.4006518946738552, 0.4569556718714071, 0.07905966407524344, 0.021731031861443043, 0.10533689886866406, -0.07229975619366341, -0.4834492737184851, -0.06207512546822228, -0.1668635822587326, -0.04475916764031771, -0.5101194472872589, -0.19141431485937693, -0.08755976571610645, -0.04893668204499801, -0.08217906803912822, 0.34130196695796816, 0.12334970671108435, 0.10958359907433819
1.5188421377931445, -0.10953567961909366, 0.3415969365456887, 0.5609366708771205, 0.2167080427395763, -0.03063277253032768, 0.27326768407122526, -0.005865407986542098, -0.3268787303243156, 0.0441561905067066, 0.28145566869017896, -0.1445737692245428, 0.11050138182574869, -0.22107624643963494, -0.20763302486864396, -0.009672498685879499, -0.39736806778896105, 0.24979619329497765, 0.07801231912839214, 0.4487098287867466
1.386884634159989, 0.028346470401390794, 0.3065939310052572, 0.42235852408952723, 0.23970990548685608, 0.015874633976321825, 0.2427016974474003, -0.13196979742350673, -0.07329338522935731, 0.016646603279513002, 0.26242076404261316, -0.015310068380165555, 0.1957366138366463, -0.0266492183698779, -0.149337975915099, 0.11861286416349767, -0.4211568064688062, 0.10905339486585823, 0.11506833816415347, 0.404447238532493
1.5671054935285258, 0.3367346259452629, -0.2375985149326172, -0.13360508684239078, 0.4554552587275822, -0.34608263351046314, 0.409402321778551, -0.12762988303038741, -0.33434954968669894, 0.044193224249940904, -0.07222912911946115, 0.3009715533743784, 0.04574414391228099, -0.104847048711976, 0.13533462499598348, 0.5361830296297027, -0.11753395552781003, -0.35363260925857803, -0.24775699530387868, -0.16829502791945794
1.386266515344478, 0.08311344261390924, -0.03270210344319174, -0.06580503179666831, -0.03307928596782099, 0.28285110467512264, -0.24438595810222374, -0.03838911492942385, 0.5692139851908917, -0.17592322165308485, -0.32981749592021353, 0.16845908750912927, -0.16624354907922947, 0.11504032945741692, 0.2806070300683013, 0.10132587324900466, 0.0534548119481983, -0.21865135140915237, 0.13424904791900813, 0.27649848893758083
1.4201465322578635, 0.3479237367675935, 0.023034089203625447, 0.2238848457968018, 0.21827748700832672, 0.1915366712566964, -0.31097058025352653, -0.04959054770583727, 0.3423611372654353, -0.10841769440232456, -0.33168206126478345, 0.28638934449967146, -0.2861012437985171, 0.19094204237308768, 0.2707209495066178, 0.19108015644134824, 0.0666521550869338, -0.1872185739168986, 0.060059844856318344, 0.26344799635716576
1.4745424515745413, 0.1981476320448046, -0.055556810346483555, 0.055914835342908524, 0.12495172668965045, 0.3502942664550424, -0.3553638233295744, -0.07893689706076457, 0.2832402216327404, -0.1933411595590085, -0.24895582916915104, 0.41383557908925034, -0.14726325647495458, 0.2609960729027432, 0.21233470849874186, 0.1902318119769264, 0.2153494134095922, -0.33535658047868516, 0.2980587504818898, 0.29726034207073126
1.3749971574097222, -0.18061101290699966, -0.10340891812281676, 0.3685181963496888, 0.35177145185902714, 0.314544227400704, -0.29494232781010227, 0.30523327174855325, -0.1507063183497516, -0.21941718142852085, 0.025891695526239166, -0.03804359000644922, 0.014953794491300723, -0.29922685570845536, -0.03826929696379814, 0.20508940930916306, 0.029705592997499898, -0.274408028337528, -0.1264567056037791, 0.10111488524041634
1.4675624913406304, -0.37774980284302423, -0.13661527314209246, 0.21398215925452577, 0.1634737910080193, 0.3165974395890589, -0.4831133336485617, 0.2877979185722439, -0.07835185985209178, -0.3476819709042166, -0.04416005536399355, 0.11006511175776293, -0.003168379349218493, -0.19295334887499938, 0.05890905644560092, 0.2079977567612836, 0.3000740208424126, -0.4318672951074258, -0.03780434634342582, 0.01911466409081168
1.356090213526498, -0.3133979662517823, -0.21562221303433635, 0.193285301662131, 0.11524569354169759, 0.3318281273022924, -0.2669156086279089, 0.17532357582303254, -0.2656506808211175, -0.19627848502164053, 0.0006627989681112106, 0.09584872918082067, -0.024834371892927865, -0.2637117102446213, -0.1894417793443017, 0.1668714038669871, 0.13643621593526462, -0.39492903509467914, 0.038802376685852194, 0.057177280605080684
1.4327963938824595, -0.25641247603087014, -0.4948192711017788, -0.305551855729396, -0.36525041889480825, 0.18159148456473112, 0.10112841533185025, -0.11807403364495923, -0.1876439713148742, 0.40004695076133784, 0.09106388226965255, -0.23034485193524995, 0.18410519898611497, 0.12741629072445476, -0.2435186688063299, -0.27074303226705476, -0.06843038593172603, 0.011392652061406886, 0.11783677096781399, -0.019192321111637673
1.4315475093547498, -0.215528564774291, -0.6477838992503117, -0.3118589114070552, -0.22772374307193932, 0.1523249195938396, -0.03453919397986566, -0.013323908849746989, -0.3768925556299932, 0.3333744212373111, 0.11914588136285736, -0.10717661523971375, 0.1557573873167647, -0.017366393995026003, -0.20973755031545033, -0.14738924281668508, 0.02844810311747323, -0.10298173958776476, 0.04212934286269884, -0.1650163980631419
1.4766123927614891, -0.4557975376266692, -0.5782002992168498, -0.23202036859030545, -0.35357276064595045, 0.3032058985968532, 0.027500218704068654, 0.07521691038899775, -0.19435558953373608, 0.21957491008265292, 0.043864610251780865, -0.17758233033882484, 0.28652419091404946, 0.05308492496087212, -0.21761957582356847, -0.0924755867384191, 0.016355611653135663, -0.17359995836696895, 0.26478539593481193, 0.018320726021230183
1.3246364802698711, -0.22933045432627144, 0.06627554283334937, -0.04520598080540846, 0.11219812238473377, -0.04190426948456829, -0.19443757302964737, 0.15368433833876588, 0.14154758800564973, 0.20397315510451738, -0.004381972386637771, -0.2718749044898894, 0.2968591350852446, 0.1189004752438562, 0.04339966644854451, -0.45408676998192055, -0.08947508843015761, 0.0733953115737183, 0.308076474489005, -0.2562096445677995
1.340633128123442, -0.23101829895371326, 0.05792882493836428, -0.025349152930934114, 0.12188443807635772, -0.038929960955789975, -0.19180608686486017, 0.17466255947934037, 0.14742204575259626, 0.22953177632962998, -0.0003514341197530873, -0.2930059408417044, 0.31782349655369085, 0.11834407500814359, 0.06721876772995207, -0.4653160534098144, -0.08970720096322823, 0.06462717456814107, 0.30024328236998904, -0.2399295487509873
1.341343430272193, -0.2422249909750057, 0.09048889872802288, -0.012312107518378546, 0.12924681453798606, -0.03601176203936579, -0.19999787464475466, 0.15960880981243852, 0.15523260698103614, 0.23244063805790285, 0.004301157547318214, -0.27177222002745755, 0.3102131659223132, 0.12424984574647767, 0.049208083620325124, -0.4599020846791641, -0.0916024956900767, 0.08360520913459776, 0.3200356912176283, -0.23087653721414692
1.3838498428168389, 0.25209343211345897, 0.11498763438619716, -0.22690712554297926, -0.22967322110237642, -0.08482979377084676, -0.36890083668680446, 0.0611886591487077, 0.25848043124228315, 0.24086529117620917, 0.4793282112927776, 0.3411151237250828, 0.0924161740625676, 0.1673983347158971, -0.05555445392313976, -0.0631289769881497, 0.26461720644133735, 0.04116564655951561, -0.01536260144157123, -0.021721906859674744
1.3566714274685667, 0.2349596754479433, 0.1130203096784669, -0.1988603496858572, -0.1968548931323805, -0.06390906570890097, -0.37402162845645, 0.06512251352418957, 0.22272587051058118, 0.2342510661394504, 0.47765259941773175, 0.3309601781242316, 0.08296623210508967, 0.15756071541574448, -0.04669575235538703, -0.07222403724127364, 0.2502978211975417, 0.03701242392696644, -0.027339919879680777, -0.004894464496711193
1.3801728960362123, 0.2703835895932141, 0.0854423466839928, -0.19961446718331852, -0.21933727832743927, -0.05218448795841654, -0.3914408934411663, 0.06041946494207308, 0.2333496674052031, 0.24651801322509795, 0.49028820311210425, 0.3451467477875741, 0.08100746501442474, 0.16799673930477738, -0.05475722506863908, -0.06475520467750853, 0.24218599894538562, 0.02505329390451999, -0.029946687848893688, -0.005275277788179404

(('lorentz', 20, 0.07, 300, 7), 3.882308932821421)