1.0033157812406384, 0.00016193495386633005, 0.08150172184428396
1.0580264915243973, -0.19875516014882863, -0.28269496472636185
1.0639844722080685, 0.26622951268905715, 0.2473556218751236
1.4465478472296196, -1.0410178991256582, -0.09371450274449426
1.186672318656476, 0.6052716935559996, -0.20454185108527134
1.4201321820804265, -0.3952606109643459, -0.9276553584174488
1.2097122827354088, 0.13141883729172538, 0.6679318050563279
1.064706546261983, -0.09075815232831119, -0.35406636021948085
1.2536762322554351, 0.6101550847047718, 0.4465589187678336
1.440228477991111, -0.9199732756968422, 0.47739631420886963
1.6884464619066537, 1.3595834088712244, -0.0488304110897918
1.7163740193085406, -1.2763203192889103, -0.5629797658243217
1.5726596857787485, 0.7627691091380038, -0.9441619423692781
1.9742025498801956, -1.7014393752071075, 0.0507913422574501
1.893544674515197, 0.414391608015572, 1.553637998245129
1.6724587250026373, -0.7678306198986634, -1.0988877676921702
1.3787509872592638, -0.18886003795322898, 0.9302075956111623
1.8510953811952857, -0.2411058022040076, -1.5389678691987307
1.5432414865784088, 0.9307078998499528, 0.7178976884303411
1.0919935391396844, 0.09778253084547779, -0.42765461085350986
1.7333205704561645, -1.2431843946352463, 0.6774162390302432
1.3266981743411717, -0.7512827003383643, 0.44238258326079405
1.3635392426900328, -0.8019607495111023, 0.4648636602266296
1.7565363700191114, -1.3061036809508175, -0.6160464217951775
1.837950086983337, -1.3826538848368608, -0.6828826817159684
2.119950730957899, -1.8679331182976253, 0.07083055312390878
2.1394312268781266, -1.890474592020991, 0.05719957573543393
1.8807237020975853, -0.9478070563276217, -1.2801497676472136
1.8520153437658964, -0.056008121843797914, -1.557826666812403
2.1233087561827744, -0.37517871031541083, -1.8351242490383328
1.1219315577261983, 0.2453865235344873, -0.4455512027697741
1.980192550699413, 1.6609199275004085, -0.40312222994705255
1.7222044307667996, 1.401945729521502, 0.023157565269694567
1.6662490201493514, 1.332093374961566, 0.04373828451343716
1.7220745452209858, 1.012471408739758, -0.9697640876948348
1.618816660663255, 0.7056896288369465, -1.0595138170844707
1.589022719262816, 0.6292579859528398, -1.062557099382414
1.9634122078581944, 0.6606694358978625, 1.5551538169702022
1.8862080039192477, 0.2512957219509065, 1.5794401204788378
2.1399873344043034, 0.4485446726940112, 1.838029778868846
1.529378868751517, -0.38138413968830215, 1.0924952458376573
1.5402242421567804, -0.38288843578237913, 1.1071075656283593
1.5336407166791794, -0.3904502066819842, 1.0952636595624923
1.941582419854841, 1.2943690857272474, 1.046112308981684
1.8900164668542994, 1.2467586575444412, 1.0088384879743593
1.8600121785007864, 1.2214925408208726, 0.983667259234651

(('lorentz', 3, 0.07, 300, 8), 4.937964277247287)