0.03721342693643167, 0.8241223224188315, 0.3309834805898911, -0.7052269637224605, -1.1398115671904232
-0.5693034294695675, 0.3442855553992754, 0.1503125830655444, -0.3844455316764268, -0.6760276082085701
-0.5699317069504438, 1.1253129739792966, -0.9136396277255769, 0.6775019707104302, 0.5019985698953127
-0.17165698793782258, -0.6677510574009944, -0.672844987231668, -0.8908708880096671, -0.0057700956714118725
0.8970561290319325, -0.8654785068980204, -1.0421092507924228, 0.6483671277184664, 0.8356337249917087
0.10591144935829241, 0.8779614546124113, -0.35280058080189786, -0.1957264032770962, -0.586232941676
1.078586708631044, 1.3748048019436234, 0.5663134873834145, 0.9996930092637748, 0.26321540165279644
0.7849926908768796, -0.016285615818742216, 0.4620654168550629, 0.6128875083431268, -0.2547848873566116
-1.2549059136711653, -1.320389420031073, -0.06247040988663636, -0.3140437543437805, 0.531795599337827
0.2705584988525451, -0.41427298253876893, -0.4668273915433717, -0.3147210728576703, -0.09002587077951137
0.8971503843508591, -0.8124756116242626, -0.19148443037505644, 0.1519854330350637, -0.4482956160651068
0.5672258951093927, -0.11599998359262215, 0.3359475830516336, -1.0155784319375882, -0.45396158658943486
1.1039103589181911, -0.9010270545932515, -0.1287250957352796, -0.8643558648399672, -0.34989279549520375
0.1428894291462057, -1.0165297023901505, 0.394408315437041, -0.033250005830586044, 0.0444541332713375
-0.36709842664799835, 0.6207476087323242, -0.43880378582968466, 1.228128648347369, 0.19747888273542147
-0.13887208080020866, 1.0873654921420126, -0.5447012936868056, 0.8848659949068223, 0.606156403909256
0.06993026695666213, -0.6499001404433059, 0.9346859417287958, -0.13595508109563378, -0.7558331632458019
-0.015978157698546623, 0.444401479764438, -0.17998455449363868, 0.8504425794124416, 1.0469642649855804
-0.11781899963323719, -0.849142998786314, 0.27857495234808594, -0.1962844766713068, 0.2727574048548961
-0.1434947164976177, 0.962318939169192, 0.5699700181141835, 0.5914204543132006, 0.6595293578843131
-0.013046395904536814, 1.2016928874869122, -0.7152428685112194, 0.9947803205113223, 0.5336971918411424
0.4027732359275571, -0.2851257315320425, -0.2387429733670731, -0.6132260954693407, -0.1776954236952967
0.9265811336538688, -0.01213577297795854, 0.16467586757718083, 0.5270003040804466, -0.16032868319800217
-0.8920224257900923, 0.40556044707457317, -0.12635241382248114, -0.2519815761862082, 0.6286791733991941
-0.0013392106812455716, 1.1306960217926338, 0.5236186759340815, -0.40469011182817144, -1.2990600631255589
-0.179340010065454, -0.32377212535120364, -0.22593451318785246, -0.42675612591019735, 0.05762167737791403
0.38618074621352, -0.5747907971577698, -0.2875316160167698, -0.3669559646616699, -0.1632062458099755
-0.17472431698429708, 0.18601864097513784, -0.22570896007621177, 0.5562706369405448, -0.7950649465714044
-0.5248786118234986, 0.32058667088004894, -0.4507375884492107, 1.2298656401799903, 0.2784306493308871
0.384294570517262, -0.6945492885955831, 0.7791110994280684, -0.10770656848919025, -0.920492732461443
-0.1985789202753938, 0.05673173689501065, -0.003982717105793876, -0.6431304954990191, -0.48003305056181084
-0.07599980976675391, -0.004616107837599837, -0.2665497670375404, 0.2269420152144739, 0.08451845404187637
0.6090650269135172, -0.06440675979952486, 0.35287400983189504, 1.6330641889870234, 0.6348324570260703
-1.1298189283929918, -0.8362354383758805, -1.5532041937695358, 0.5550952073983574, 1.024738917220892
0.8745535812337802, 0.881332522625607, -0.45907117153638444, 1.4433212288984956, -0.878123887112839
-0.5872619975104044, 1.321871887819551, -0.18017030805851988, -0.6140971354760967, 1.6247338815916659
0.2895785550474072, 0.31463009036679307, -0.47945545095941444, -1.7181580162473282, -0.8054864907915368
0.04207967991321201, 0.039864899829335436, -0.31470060957211016, -0.4524480721146227, 0.49614283221803496
0.5594641494429765, -0.31580655208088776, 0.06222829812840725, -0.03547608515494314, -1.112120898319301
0.7638945100280006, -0.036332176468347084, -0.6139092519450876, -0.41478031591294956, 0.16638567545514268
0.45888966614481014, -0.44761955109195034, -0.0390219844384539, -0.383652011450493, -0.5410885901276765
0.11076696965354584, 0.6095735985725, -0.31141818056395326, 1.0947465715877018, 0.6371168708777556
-1.1277717073933113, -0.8347711111997346, -1.5582906842488624, 0.5397104097848893, 1.0179989573724437
0.21232400981480845, 0.23092572458706725, 0.6914871765387549, 0.7128162701489901, -0.5131145417278884
0.5679330504854947, 0.966206847009297, -0.974767881663911, 1.1062062451704766, 0.7298771994507877
0.69187626634323, -0.007326297484130039, 0.2670024587304592, -1.075759082499362, 0.08775749019221916
-0.5192729594332314, 1.538455114213338, 0.35820460517005315, -1.0888301562116809, 0.8627340167562976
0.23541666592415605, -1.1043853672171806, 0.8540110795200536, 1.1730330014625332, -0.6297409484844542
-0.38239277092132906, 0.469658483069736, 0.25006033450645787, -0.588044556094241, -0.6544308973064099
-0.36806562101076173, -0.015048379171600998, -0.9353083775229218, -1.4311461991491639, 0.9466737468586651
0.5406027526842985, -0.34739459916949333, 0.2553342552970566, 0.3334142887595689, 0.5724542674377964
-0.9956426588584266, 0.024307855548512055, -0.6048370454814546, -0.20407425588528907, 0.21156863358692551
-0.5407568189871477, 0.5336483201532275, -1.4551665917018453, -0.9719912354560697, 0.5630433624431772
0.06448856237192532, 0.6358497122091317, 0.7440510572665766, -0.5283725611820254, -0.5343920168546571
-0.5273636466088297, 0.5031138421076392, 0.012428809984013451, 0.07471598581286368, -0.6335462362150927
0.4215270066523264, -0.8250806732428425, -0.05670957537275378, -0.7608628056933291, 0.42903899851401694
0.22470306788098282, -0.4707825459261098, 0.14859382305483185, -0.3994973648040495, 0.07765773447259233
0.48732435011307645, 0.5772025336349916, 0.1374783075188079, -0.6654083244729992, -1.281042452028923
0.4525844590325378, 0.0924738439713732, -1.8698759180751627, 0.4180136322252745, -0.6746014456009393
0.16534573854482768, -0.8952512753991873, 0.9331918636583741, -0.4691366524158935, 0.2262382367262799
0.9418668053250709, -0.4212995734167152, 0.6857705793546243, -0.16966746749594414, -0.28818998171405247
-1.295766316138345, -0.3256103956521125, -0.26927908140599277, -0.4320705228145221, 1.3290566972712552
-0.18528319754974013, -0.16007870125251886, -0.0935632713900288, -0.44074870937846966, 0.005342823640210948
-0.4591358715224513, -0.7562624466993073, 0.5084828640734104, 0.2346451546435058, 0.4939239494400714
0.5885347591041482, -0.4812193318283444, -0.9725925971512847, 0.9120591309889243, -0.626332610885209
0.2207806040811673, -0.787771039060258, 0.6154424031142476, 0.5407110606559943, 0.2439043798670164
1.1390226169916668, -0.6404160187416399, -0.021144209481056924, -0.37130140634156544, 0.34696165697134806
0.4235496352030989, -0.4251923718101907, 0.0034827217333305125, -0.34500381033307215, -0.09143919571440222
-0.14602871021705283, 1.905394448265678, 0.09284731981057494, -0.15361347926326308, 0.42960098411181097
0.7673573905925261, 0.06747324813754424, -0.5386954571870342, -0.7487077397245075, 0.39446822803654474
0.8502403312435143, 1.3885556535246342, 0.2296080192630812, -0.3261196718286831, 0.07151280009279543
1.0216464830432972, 1.0984283283833338, -0.40271476103588033, -0.7802061447781447, 0.20992765036226074
0.5004514920084153, -0.8458487210528322, -0.3207152477423486, -0.7915440371360244, -0.40819671803747304
-0.6392365877533429, 0.2261005788148285, 0.3603940773819111, -0.8451552654819158, -0.47853097414218176
0.6359689281101657, 0.006449314278804568, 0.3210768610175009, 0.3627729311771906, -0.1430722095905566
0.20942920799763431, -0.2523053437004068, -0.9994321163514539, -0.38784991600431823, 0.17141367659666668
-0.0694588846390459, -0.06489232544979481, -0.1893556090705462, -0.48898979838269996, 1.1172738134058104
0.002186265019711213, -0.9316011736921408, -0.10744342657645703, 0.3143471593727398, -1.1560695405454624
0.7322545043285095, -0.9858453481435511, -1.420729445887171, 0.5194572937891745, 0.7727709493044155
0.2985361839845856, -0.8881506630782406, -0.7188050157127721, -0.24475543593750007, -0.02105772005062494
0.10347482365425736, 0.8794092057834053, 0.1729857789871605, -0.3616770697974854, -1.1531632635930362
0.24367228171973, 0.8688296558369166, -1.6256526527133932, 0.2916560813550023, -0.23510112401077057
-0.02940790778849259, -0.6742383093480419, 0.535658995987444, -0.2546883580311039, 0.20425913838031073
-0.868705502540601, 0.07124116177542493, -0.5566899774582262, -0.09877437504418672, 0.20294737940813898
-0.648487093125774, -0.25726588333100686, -0.31229010289005077, -0.20332315063621031, 0.009870189451667951
0.08867480338244306, -0.2419239945126717, -1.0919544825739822, -0.5988810020445493, 0.014525417061556634
-0.1922894563097585, 1.804906061721859, -0.26530375891684144, -0.9992598626196939, 0.366884014249276
0.5863758189969737, 0.4417576989430555, 0.21951713561319036, 0.30724091497050676, -0.2602769481775938
-0.5469625790302266, -0.05904596653160427, 0.3658875385986677, -0.7036848170676605, -0.6822979462501153
0.7515777519135539, 1.3684418312147772, 0.7479808716537707, 1.0271464426784007, 0.2028970814104429
0.40593532672028787, -0.70013709570188, 1.4894497376305915, 1.2564421183362289, 1.4100253934505629
-1.2726133402680007, -1.3676674448667594, -0.05343633043231003, -0.3179512584874116, 0.4804956945801041
0.026301919272344567, 0.7910254960394665, 0.6756940267058729, -0.3659972872119268, -1.1840299770288605
0.6953020855178429, 0.13369484486379524, 0.11102524170940807, 1.531882535235423, 0.6336207761268478
0.00194717993766673, 0.9616161143569397, 0.5116933196494097, -0.5408527750138312, -1.1138571479125432
0.8953913393003265, 1.2329439964144535, 0.8048629496560653, 1.1692333659502445, -0.07571611398639243
-0.6507999108462698, -0.3560032867212073, -0.3365609590611482, 0.3857102237337182, 0.042812629349630656
0.9816945145492372, 1.101079843298672, 0.593753206919913, -0.4697681250550093, 0.7265894075693837
0.050096367061345445, -0.7403633065335687, 0.15290343961114242, -0.2131749259328443, -0.024753787239850406
-0.3752512081674913, 1.4355021670135666, -0.024191132476710283, -0.28218834253124425, 0.4456130689951435
0.3733059883664452, -0.1550170030668, -0.9618673472991288, 0.7428257432939812, -0.77434960390479
0.24449140901996627, 0.9546080307548953, 0.8433616705457205, -0.3497034208500001, -0.8941053686639499
-0.23396788453036063, 1.7797993756624717, 0.21096838639937004, 0.012727237380836934, -0.003032498943605906
0.20108527311299773, -0.3540973378532227, 0.2503328858483083, 0.32161792242923587, -0.14625975748640643
0.6670373272598503, -0.6380158306787568, 0.001002683411489589, -0.7043143502433837, 0.1347320676536106
0.6803441191778604, 0.0702885703585002, -0.554020888904132, -0.13782404184470848, 0.13196893274900248
-0.13794702441075338, -0.5579670578962802, 0.3999585171247748, -0.24900966261468466, -1.1975546786389262
0.7306004395649426, -0.2066452468439209, -2.014281660024057, 0.5028679621640624, -0.6365765730193395
0.40502870156601734, 0.26567547684592707, -0.454715031458607, -1.2043518668060076, -0.9620321767452951
0.40150172442975046, -0.4920840712218026, -0.03362880715840133, 0.03892719102711954, 0.13573730353469327
-0.9611860096614586, -1.7078523695024637, -0.057262282225509484, -0.15171255971146527, 0.5396311161956561
0.6691633780280952, 0.647031924980963, -0.49617400890654134, 1.074387595262706, 0.8019123524324041
-0.19707362490010188, 0.9599363076414195, 1.1709167278508508, 0.2598222817631097, 0.5302862852379421
0.6723062398115981, -0.5971175535613862, 0.043922071524424365, -0.3062651783459243, 0.1510940353138867
0.6272073394803981, -0.6429273653763187, 0.6956680761188897, 0.28599693800657083, -0.585643456006464
-0.42379751357310413, 0.6310585445186879, -0.8220605407632353, 0.5395363476166486, 0.8090742173803557
-0.6274394900446647, 0.7092838712229201, -0.4140276093115724, 0.7817711444598733, 0.7241827062854784
0.25173136777719773, -0.6765784683337099, -0.1114788348504606, 0.04376523468890847, -1.3646320096093643
-0.01872166637854993, -0.8643715721843056, 0.46012758689767796, -0.4001728736290705, -0.15727953198452235
0.347840983580999, -0.3284484930317359, -0.34001307355039273, 0.3035737661744512, -0.0987430488359761
1.139211013735105, 0.04045606224797913, 0.4030474714881024, 0.1471508843476752, -1.212862837513729
0.4944659601905267, -0.2458983228590902, -0.2227779953279191, -1.25040065706164, 0.18215002062755664
0.3467271596129693, -0.305452776936674, -0.1146704323354319, -0.5529539005045169, -0.13165595619338047
0.4345201019452873, -0.7019431142020738, 0.10618694794360191, -0.6835698723178767, 0.5135396901263322
-0.8564013483190206, 0.1001146423416805, 0.10189534035885027, -1.1306713356680036, 0.586103001511441
0.3551168816798509, 0.17771009484974815, -0.20248129945779067, 0.6199578921440644, -0.3797486951689739
-0.6115888527340706, 0.11263047244176559, 0.7172275919821256, -0.9595112123298561, -0.46317472832715284
0.3659818367609407, 0.22315995981895348, -0.474404931731527, -1.3804312263671619, -0.9810508441127016
0.023924582327412215, -0.7549584615931166, -0.17030146632616072, 0.04492359956300409, -0.09199939094670581
1.130298586190139, -0.11761279181017417, 0.3453020018575794, 0.6973253264905543, -0.1338481049942996
-0.1403492286332669, 0.6219552400200394, 0.09192376525946756, -0.8641135517230236, -0.3942518251575475
0.08146086521073131, 1.5548962700482074, -0.340749654956978, -0.5709186444291358, 0.9721537859729539
1.1616357968951923, -0.2672951199731589, 0.43559508686900933, -0.6854012428047873, -0.20375413327466674
-0.49097278966455876, -0.19718560196650342, -0.5313705612238144, -0.06284082667740107, -0.6598328893222338
0.9133888037953398, -0.6296054041740393, 0.34786273401241463, -0.46785669761494375, 0.17786846231832257
0.35010698196329315, 0.26544989943757086, -0.48171248627879865, -1.8909155089193008, -0.8033431235110255
0.4820813608205009, 0.25032564989349415, 0.20184592680113342, 0.32699332298578115, -0.37763826582044996
0.3325976347497467, 0.28501161828653493, 0.168245591645972, 1.3425662004112429, 0.9516113773619955
-0.7938940312388398, 1.0351860514593865, 0.7494846934982866, 0.8301995162217163, 0.3621178751097595
0.426838283563974, 0.20177353406204, -0.7571451489390293, -1.199192173477619, -1.250854837864451
-0.3083312914696595, 0.31216844052728737, -0.3080750431232807, 0.9306828182078055, 1.1279220634481957
0.24434425372952492, -0.3680037447044166, -0.41104274766317533, -0.2686309782587363, -0.6458754600199954
0.5743693218514765, -0.34550523538932043, 0.08446563090504787, -0.47955334873528616, 0.06804585441610315
-0.4707247872979077, 1.5376568551655614, -0.07061489360807408, -0.5629560991123728, 1.0512410334067277
-0.6654671428446886, 0.4020904190798125, -0.44172991262205236, 0.9465221679685165, 0.48481411348747633
0.5121447780287786, -0.7862619868578298, 0.9079215247175517, 1.1910953741557262, 1.4647585536928975
0.42980363188891835, 0.17077996647074242, 0.6816793826124318, 0.16046267488131105, 0.34044604328459316
1.0967327643098639, 1.3920564824377777, 0.5599385312762918, 0.9838026783489224, 0.28185507689296074
0.33380388054027227, -0.40285506331767473, -0.04189828879611048, 0.19836593529201582, 0.40043380289082675
-0.705730295696172, 1.0322172393086846, -0.6939959771998083, 1.0112493184769102, 0.3399252321765406
0.4065761275401067, -0.2848822985273199, -0.6972105880255483, 0.699962646056995, -0.7896121925377556
-0.22576355922444635, 0.12296079315815005, -0.432081207886747, 1.511736487595691, -0.08103135931953521
1.132676772832843, -0.6421355940304786, -0.4433767207562418, 0.7857743113333503, 0.7441406417414449
0.08421240790171108, -0.8959648609435262, -1.256311416256365, -0.28765544703735796, -0.9742647173453751
1.2576423549748144, 1.5842428199963006, -0.07280075936557491, 0.6859289462563783, 0.8253210026067578
-1.2701211381195985, 0.3618436355029495, 0.005910534705603216, -1.0911718201186607, 0.47346407032262056
0.42481734545443645, 0.32949251294423665, -0.9796994317952743, -0.3617095260439853, -0.28535466535494525
-1.1461999055944294, 0.16804764282810494, 0.14212612292982485, -1.3967544267722183, 0.44575924020516366
0.9689504738228559, 0.10720959867541903, 0.48143035558888847, -0.23473377298566284, -0.45861615389029275
0.4771853181654352, -0.11804116350290118, -0.21685770757276657, -1.015968933367648, -0.9803176098042492
-0.15146480109588956, -0.3603941103318301, 1.3972060807442392, -1.325388173203547, -0.4182956262533752
0.32124630525338865, -0.1430029256756599, 0.1291980994183317, -0.2023959403553706, 0.011533825890465758
-0.6440484435847827, 1.354619758640794, -0.4723041190241427, 1.1805366863190734, 0.6902297153974084
0.3876080988878103, 0.32383193802420385, -0.4480245737830484, 0.6689020248140076, -1.2356532735914356
-0.5622172216230824, -0.11114870176127038, 0.6979851873817358, 0.00596787608293494, -0.6205500636171478
0.7230957652716022, -0.5791469177976624, -0.5212672074211124, -1.0012517261346432, 0.256934811829935
1.358589807000162, 0.9377074562758441, -0.8455314327577791, 0.7095085752825807, -0.4456984590681261
0.4552851411748498, -0.01313955477096935, 0.263166188657661, 1.7250643720469088, 0.6535576013977428
1.1950632497814533, -0.04504004718197063, 0.299692494688281, 0.49892709636421284, -0.10281447135000263
0.4087529111941002, -0.22873639515587033, -0.11319724027191053, -0.07593102432530903, -0.28688841746747923
-0.07663220397787514, -0.4926259749896456, 0.18453254636202002, -0.553052034539697, 0.26629639508030306
0.6402157749260805, -0.3973005434430856, -1.4207270704404904, 0.7978362129883237, -0.6495352137331908
0.2141246064798606, -0.8566017443044242, 0.4019323912484317, -0.4939424608905652, -0.4549823430543736
0.8857003472436294, 0.9795789382210741, -0.4969296170889307, 0.7396859910366388, -0.9786897551961844
-0.3081491335353467, 0.9141784392182573, 1.1951352334084375, 0.1075991391864349, 0.6769139527233474
-0.5541547437338622, 1.5038130878058749, 0.09204102802130709, -0.357686120052747, 0.5048399362161045
-0.04294367005859356, -1.0648569933481684, -0.655101577298596, -0.1622104984768236, 0.24934930052709134
-0.24569893993506847, 1.6643585835297843, -0.044144270022525155, -0.8365869659925995, 0.6933163427059271
0.17963832834358065, -0.2821920256508077, 0.38413981508919726, -1.0215994007103613, -0.7771789024849125
0.4523888566604735, -0.7361703932521056, 1.234324119369534, 1.2275008249810702, 1.4319472715475718
0.011244569629124134, 0.854415720402547, 0.4157043299409939, -0.2502315084989637, -0.9743526421329105
0.8872866913589716, -0.8588001072704949, -1.0065221248415308, 0.657638009479832, 0.8344328575283988
1.3424630946961404, 1.2034802195834275, 0.6078052942755081, -0.4304272359166181, 0.7709536832092937
-0.8477084784090856, 0.035575595884377635, -0.6748162225842377, 0.20631719919776673, -0.9236265570320772
0.37670324398660127, 0.24499061088602486, -0.5047885350292317, -1.1911233391708473, -1.009235136647867
0.39849412553622654, -0.6207509231716376, -0.4602723573457107, -0.01262985086763475, 0.2048864697471942
0.2100190003011259, -0.2784051409970439, 0.16201176582896445, -0.7498014811015253, -0.031138397797247377
-0.15365436287810613, 1.0758140064479786, 0.46333472499214484, -0.14795914030406065, -1.2890290915795186
0.22528945826614002, -0.5508020953793981, -0.5378102848497391, -0.30730905513458057, 0.004441487881414296
0.5988768812084724, -0.4798717685172129, -0.9735739240160601, 0.9158695195338488, -0.6632941639638178
-0.8302212845459843, -0.4123554211720846, -0.2712627256498745, 0.5279599143695299, 0.6076348602699907
-0.10308722744154099, 0.9467282787464556, 0.6052735291789308, -1.1235699148536673, -0.1672910402077877
-0.39692104934185096, 0.6176584706992923, -1.2968841729463993, -0.8291412654791219, 0.8141223879884917
-1.2723328656896333, -1.0002134828603921, -0.18924055546192847, -0.49498942100862886, 1.1556914120265662
-0.053408509813780015, 0.8432887084270767, 0.7392912430120366, -0.29652350258343674, -1.1795962195585867
0.7742888934285777, -0.968185082246203, -1.3462781656178335, 0.5455727383106779, 0.7710548089336919
0.2808157982546711, 0.23988975599825257, 1.0402759690929269, -0.29000833781297186, -1.007521176545183
0.36725820167846923, 0.15504433499037718, -0.5761756186170454, -1.3646311524361434, -0.9402002611367655
1.635001987660184, 0.8968233985935578, -1.053284042800596, 1.0197333375425002, -0.052584135388131885
-0.15208677140106008, -0.6258627388418715, 0.3068864017200989, -0.198928009933412, -0.1940059136706148
0.2589856642064456, -0.4790033816641958, -0.1498744654002856, -0.4508258076370336, -0.10149027294905723
-1.4410710260370125, -1.4781738066384957, -0.0939612017397575, -0.4127415686379195, 0.09454675740144178
1.0458603541005755, 0.8159589304547382, -0.619088151121704, 0.208584075430225, -0.8743177989094509
0.23858995536710395, -0.45044512523462443, 0.21813514078734023, -0.17432250260871385, 0.14781231243958404
0.3288788028503139, 0.7105022203854335, 0.4881370756555195, -0.37412817009677773, -0.9140218258030387
-0.21329178535474794, 0.8771625371389125, -1.300079958544626, -0.8036611130059987, 0.6926189602913723
0.10538966532518221, -0.37785094929562796, 0.4991126999081582, -1.6987115399669843, -0.17777106589278574
0.22540110569377253, 0.18123623855591564, 0.6871909638943346, -0.4754205869331508, 0.40092940548149536
0.8055881535295903, -0.6929619078334378, -0.2751981705366086, 0.39371330912535746, -0.3990546093156157
0.5461578052004171, 0.15220728735023725, 0.06500619299801004, 1.6862196736181558, 0.6505514471221084
-0.9858189339986724, -0.492552728463947, 0.09787745419216658, -0.7482859549800683, -0.6766011978802613
-0.11593596535297833, -0.9295031307747814, 0.7452609020806968, -0.2551999900301307, -0.10273286511718235
0.6134299109690738, -0.9003274172698007, -0.23145624307157908, -0.657205745351001, -0.47813723675394093
0.16050812606188164, 0.177006406126017, 0.233629572155884, -0.04903659571438165, -0.4829176240746532
0.13188895862359354, 0.909354873627639, -0.029477857793504387, 0.6393978341164746, 0.8629428553833974
1.276927349797987, -0.04688786803425528, 0.4214188543388562, 0.6556469153294505, -0.07984626447479178
-0.04221671545857818, 0.3392406044002207, -0.21896964934121177, 2.5142961967299318, 0.7343909117206703
0.44960514137585567, -0.4436939142831694, -0.8235844851660178, 0.9955047260238772, -0.6750721875080141
0.7746764846252522, -0.9911730973504764, -1.3751931925385963, 0.5085231057842012, 0.7508079027758545
1.102686581662199, 1.5101950266699753, 0.29503119564119124, 0.873075640019944, 0.5483663185862275
-0.5266946072987926, 0.39398496421483437, -1.2982652015731606, 0.5098240232964764, 1.0710040820214635
0.3872473185928985, 0.188041253966698, 0.421708880006141, -0.8466031223088811, 0.22437276803583847
-0.4574921336976476, -0.5965226589322628, 0.8324456186130187, -0.30518187383543216, 0.35497168399026235
-0.07832492011216602, -0.7159879414103436, 0.20848084031881267, -0.3585795914058035, 0.05032933647874345
-0.2586309179508234, -0.3439697601097786, -0.31139737301972265, -0.27656696797583347, -0.37340726336208674
-0.13681347765044838, 1.6761837565893065, -0.27524962995020846, -0.6003940061463703, 0.707068767203372
-0.5469982675114127, 0.9104009339157665, -0.6835926296486469, 0.899153933280033, 0.23769633933616807
-0.22476573929016372, 1.5456769358683096, 0.006124976646941318, -0.30976348516729824, 0.3975762068466675
-0.48937965465409533, -1.0248431046962045, -0.6911801725793082, -1.301252362594078, -0.13290798101300075
0.001907734733146179, -0.5999686259599729, -0.3760925139880231, 0.6244435606941778, 0.6043765146035229
0.6711909951783599, 1.0348175020536456, 0.02190325746809424, -0.21558439772944618, 0.5010417645360595
0.017638993134777573, -0.701510528901039, 0.22240199329288501, -0.23578045703607253, -1.1656638361687297
0.1658733150154332, -0.8081894223730218, -0.3132599895518098, -0.4907275829015303, -0.7752368538341168
1.24466450646478, -1.4327904682409176, 0.17886792579211724, 1.064566657850442, 0.3867306774816434
0.8932515306169396, -1.5841545874726715, 0.22753355429794064, -0.16681067052730217, -0.3904036191561282
0.1881672668307523, 0.7349503878588035, -0.7621622059037851, -0.5128316011263585, -0.3020002188331121
-0.03980276338179212, -0.06786060899847442, -0.201475807599656, -0.5160597026948484, -0.206899378623586
-0.8503200983016703, 0.12741066111452243, -0.5149010054502483, -0.10454210292290926, 0.1844350409112643
-0.013443338143338776, -0.9139339541309248, 0.6536307043896971, -0.19324179147185633, -0.2156608000096263
0.5814053966480243, -0.9073115449485742, 0.12475287851741962, -0.40568058151267083, -0.20784866681658068
-0.9368220700333162, 0.04408732668467261, 0.7506084907851278, -0.2271788668312253, 0.8397062086906648
-0.3363444065174272, -0.21070332570962055, -0.9661320622556684, -1.5970828591975388, 0.8679816570890339
0.2270049655650209, 0.8373502775915137, 0.5978204544237803, -0.39363750447431894, -1.0793033476317986
0.07958005475690239, 0.3205889283285451, -0.15351586331682784, 2.1523615542412724, 0.8310567976986165
2.000071072025393, -1.062118700381058, -0.6006061736695187, 0.4262993193776931, -0.14392450803944482
-1.5078722585560813, -0.7110909014089671, 0.08714641610007878, -0.27722088449968596, 0.41653473049560324
0.2954436556127957, 0.3038594462659186, 0.5397329187248868, 0.41696314350928837, -0.2718816116373154
1.021829198252223, -0.3040013075150871, 0.7772690578704876, 0.10271655973351387, -1.3963377797621241
0.8773093329209587, -0.48397995774265984, 0.12106034188091853, -0.27055247027051377, -0.7354033693287799
0.22609950014253813, 0.6875441838810891, 0.4307804179646428, -0.14714740074174854, -1.1834060028798254
0.24130194173205383, -0.3575588587920785, 1.0982102756138215, -0.7638139909048869, 0.5412941452116111
0.3119124370421112, 0.2245565078445367, -0.6138644096976259, -1.587753785275565, -0.7630630568771217
0.36262737809653245, -0.6044890607254123, 0.10894085696728574, -0.26482462425198344, -0.09944603869684071
1.2954113363878883, 1.1835403079923206, 0.23643573560163836, -0.271232963887462, 0.6904289116171791
-0.03648335145897303, 0.7853776008350082, 1.0189841327845126, -0.3130045337363631, -1.1081755532886965
-0.3611357144651931, -0.25484132400172327, -0.6595414774602428, -1.5996189998186128, 1.0168856096592818
1.2410462268252147, -1.4285760457681447, 0.17376449390636023, 1.0676732786622352, 0.38843671095674537
0.7887881505850614, -0.044101809498535025, -0.6492351726559678, -0.387237246137586, -0.40208505394802807
0.7117579651722679, -0.07215490326847102, -0.9452427980978321, -0.35790217049036477, -0.3593837438619618
-1.2823073629156005, -1.3482517681484598, -0.04904517272853765, -0.3062922787953012, 0.5041109555719192
-0.08788129077756118, -0.06337786888754406, 1.0239016014811777, -1.1192439560186618, -0.23486678584202508
0.036742695198673896, -0.8447116520823392, 0.5387887249316272, -0.13842802853165367, 0.19168906843382985
-0.5716369835468509, 0.3570953530302336, -1.3027218108321212, 0.5111528214797315, 1.1165531020817256
-0.16347568203855894, 1.8522220687868585, 0.17759669756096114, 0.017135398752615556, 0.06333873664681543
-0.9093880310127783, -1.748833061767338, -0.09985969086533485, -0.14108647314855405, 0.550222526738697
0.1883704759442717, -1.0824716807060015, 0.39215579668629946, -0.4686679187520639, -0.3048298701896663
0.14734222780992848, 0.86606360400175, 0.8962056765959707, -0.229824723182057, -1.165411166338222
-1.241464792862827, 0.6557796959003162, -0.23429373079423715, -0.294742653574033, 0.8218163748652633
-0.09538187578422214, -0.9297267848572465, 0.8459549219140167, -0.4742505639770913, 0.210078854059217
0.17728154695194626, 0.4562510281259768, -1.3732502899118397, 0.28858119144860145, -0.6435107728742205
-0.14069312743309276, -0.08906198615945624, -0.04738123404894361, -0.45668617364239583, 0.9590828828324224
0.07565961488064268, -0.6245825199490602, -0.02943294821788328, -0.2902651876053179, -0.11674514928365871
0.3634945593817524, -0.260417852528213, -0.5322378199200466, -0.5827957476130421, -0.41217676446997514
0.7658326903333331, -0.9830278177859092, -1.3530037204654577, 0.5484233516237202, 0.793499152331037
-0.07746281664464795, -0.248976965852463, -0.9205820447922641, -0.44787621509786013, 0.3414543387634818
0.8901918134238783, -0.8730251185817652, -1.0469724615896367, 0.6430036996160255, 0.828825076469616
-0.3628898629681729, -0.5041690114012014, -0.394811272484282, -0.42643094413294874, -0.427023977111408
0.5742764364142593, -0.41755667945547453, 0.07424959884368565, -0.07041894650381844, -0.3195224063893758
-0.22684307046512558, 1.600450321942177, -0.1412026922809722, -0.8744893393842351, 0.6798059417758099
1.2948165481336855, 0.4473078254536272, -0.5161414325235352, 0.9092466300550149, 0.8945516193572686
0.29919323597964115, -0.4476113086781668, -0.5917421467707976, -0.309084973464136, -0.453261106873501
0.37822194034111706, 0.12241342397814814, -0.6348346439011203, -1.5047577044878024, -0.8464007808102614
1.9973583661879568, -1.056886468948031, -0.5995119945888147, 0.4209179018484176, -0.14295594913371043
-0.5218941580466503, -1.071793283771584, -0.21015544471048034, -1.2223963584480477, -0.06766754132346181
0.3798286282005939, 0.1782208342741438, -0.5906823756407784, -1.3787016364252331, -0.9561829379177172
0.2109892353196201, -0.2380535415901568, 0.28101801284922956, -0.1281839015200379, -0.2573660971347673
0.3308651672729105, 1.1168194524273425, -1.7079429743068646, 0.24139342616022683, 0.04202803029750424
0.7299975813075885, -0.49322462707881193, 0.08545819947029032, -0.11213336915411404, 0.5167203364138457
-0.6538177955614631, -0.2555563788219865, 0.4114044944054682, 0.21101465671903427, -0.27440337861884984
-0.011307437005323715, 0.7793852685387201, 0.667972009139965, 0.9748286514277977, 1.1543693614437482
-0.024295932757313687, -0.9740698300528015, -0.43563210477454095, -0.2923264694839814, 0.46937981940956774
0.8287502529655635, -0.43036689927766514, 0.0503076557854823, 0.022499761069733264, -0.5227607545100175
-0.49251275644358755, 1.5752897257055862, -0.5880163767032068, 0.9707445038263199, 0.5060606649879587
-0.36194958087889395, 0.8927602835087609, 1.0183334421165688, 0.16394233387529414, 0.7811368276977054
0.009785322420429671, -1.0591734949921778, -0.14227818307153364, 0.5194728134235175, -0.8370867194899304
1.0094897322380487, -0.352350278423125, -0.9154252874195138, -0.4223129609017448, -0.3988771060628706
-0.13683353303576165, 1.8657226208083786, 0.20024647283000974, 0.06207308282061089, 0.01374017638058172
0.3477307402289871, -0.583480956372056, -0.4336301074098134, 0.08872956431783355, -0.04174443439460311
0.1738303455312519, -1.211256456911011, -0.010183093095241806, -0.7454524679165019, -0.5854979852706367
-0.4028809403642491, 0.9350362686803656, 0.5024357508607734, -0.626065765714675, -1.0087205007942335
-0.2628111969675633, 1.0810195031750522, -0.09707035112163825, -1.0742192919111322, -0.9853835799268122
0.16826182023841124, -0.8848168772795719, 0.5911777486292721, 1.2627294917746419, -0.6681712696693727
0.03414697088361242, 0.7707503606922719, 0.7044999460798238, -0.4109066644329459, -1.042310606577992
0.5688207074316914, -0.048799381765940654, 0.32025736812082933, -0.851448385370069, -0.13385772813710575
0.5528493061105977, -0.20320134890344704, 0.044562837994148286, -0.06697076506062818, -0.2202072573279673
-0.35802086596546595, -0.01716856469313038, -1.418453242423377, 1.3793753877221813, 0.6000641367050783
0.7556736874144113, -0.9618150424089293, -1.3554630352666184, 0.5436066208728686, 0.7928370762885905
1.0117620127248481, 0.8759350788790334, -0.2513587713301534, -0.5928200792440872, 0.0897069444985813
0.6451376046642457, -0.045236294190590894, 0.35890769697810193, 0.17066831209901112, -0.2260585977980499
0.3488620342061482, 0.2529538165633911, -0.4452876480469649, -1.9007714353214265, -0.7604395150158839
0.2701149180771371, 0.16136735793597354, -0.08231711035635311, 1.5419693786865083, 0.45161831973872985
1.037687883307484, -0.8477236058331803, 0.4189030075242477, -0.7765945708075265, -0.516076269266859
-0.33662768132651255, 0.4975166883320143, -0.8096572626363305, 1.0034244049362, 0.7297653675162046
-0.11976821636946264, -0.5526670408108009, 0.4401011624155771, -0.003067728192665919, 0.15796005907117272
-0.208701772592579, -0.6123897440483465, 0.326441307917838, 0.36457654737181605, 0.317343226454131
0.1747775759513178, 0.06474645683353003, 0.18488492989134167, -0.143684337708858, -0.4460174504293019
-0.3538380433699837, 1.1552298245158865, -0.8420837208298566, -0.13475138149026086, -0.8854307968039429
0.860811155372185, 0.4514482527918712, 0.9249459016703626, -0.4223195233805034, -0.27268159820320814
0.43641574097638863, -0.39084334873000237, 0.1329796469348332, -0.22365205261071028, 0.8428397661078226
0.7532134054054167, 1.3354296713009488, 0.7277043501617811, 1.0073194505591254, 0.2014318554539158
0.22960843049245452, 0.4740486488440142, -0.37041409438685036, -1.2262920278237603, -1.0770644818045645
-1.1576928031344746, 1.7467937637000712, 0.07341724093454197, -0.1652457946743102, 0.9035731934124693
0.2463449391885327, -0.03923624030589525, 0.2682179922019548, -0.49067100309403866, -0.15405734876857607
0.2522842727284914, -0.3032835254749755, -0.5025601389286125, -0.056355217602094054, -0.045001041423865774
0.17280824691772984, -0.2678007929653522, 0.1572252716622188, 0.44981893611902657, -0.5036032528279487
0.11615144320299294, -0.7738859903709244, 0.4806692628639185, -0.3577133230680395, -0.0006423929772008638
-0.342327323042999, 0.7847694019237734, -0.5015185448381768, 0.9486293568578017, 0.6509298085102309
0.6535103246269987, 1.1901859543967812, 0.9312596391103015, 1.21212957926749, -0.17877618556271643
0.7508883555425194, -0.9777137130427835, -1.4003864044875138, 0.5262731111762005, 0.7619324022903324
0.15609711183565342, 0.1663947140708855, -0.21818716155319934, -0.23840577641106953, -0.8598536137836758
-0.029896690860763134, 0.686054434646695, 1.0099613719045035, -0.305915708523953, -0.9526859750723229
-0.14227670458328173, -0.43529741113930726, 0.6947425463214634, -0.3253525098995127, -0.339514076761722
0.4619115013578849, -0.448165848720687, 0.037007301703318805, -0.04113074645400626, -0.6739894980586267

(('euclidean', 5, 0.1, 300, 3), 34.23681959985298)