-0.9778742550762295, 0.5328167176040872
-0.4954621316160031, 0.4329157891284618
1.1596876014686817, -0.09233050617691968
0.1398253890608067, -0.001704345587346479
-1.6047855991230864, -0.039117497939561874
-0.3969915047669556, 0.4792044214464891
-0.8894189221127556, -1.3682320458135249
-0.3425802088951284, -0.11311358876388287
1.0255417894249, -1.342392322548842
-0.02647899868299472, 0.38410636150671856
-0.11593091843173972, 0.38595987364687967
-0.21750347172335172, 0.5018251382869526
0.14966105047818157, 0.41419222473681033
0.26104577617012165, 0.22613885534606193
1.091963223762153, -0.46798339937266814
1.1260594850259642, -0.2747683974688899
0.4645579804704542, 0.5195291359701465
1.0288106127608558, -0.6917163515231961
0.2656892996076538, 0.36849265140451615
0.35581997873134785, -0.9587199050781962
1.1141721719944981, -0.3066880981603896
-0.05119531613420576, 0.6088162427262387
-0.3115211078178106, 0.03898842164174337
0.3803679002058619, -0.6001193108189768
-1.0360101932342776, 0.45689238645231867
0.04556254913652143, -0.09264580243335635
0.06920843628281502, 0.20695621315177043
-0.09158610983089956, 0.8397044937812669
1.0945518012732998, -0.4873755171026801
0.48764552601889366, 0.463851406493165
-0.1859643567148894, 0.3426984794017845
-0.036989427691617754, -0.2501820534872466
1.6844929024151045, -0.8191418018749753
-1.0791751095980768, 1.7938064782207286
-0.7736682341661091, -0.05754452967917675
-1.1681535866841677, -0.7778764165554277
-0.6637453640694884, 1.1892736399928618
0.06104683918963952, 0.06812998165440001
-0.30357533786351604, 0.089690228472973
0.0524793374806782, 0.5760463597643924
-0.04810187333880226, 0.0817176278855913
1.163093630036803, -0.6560995576498413
-1.076109638682046, 1.7886125875567622
-0.3445313031807571, 0.05107102500396975
1.4154100071961078, -0.288601372472543
-0.20428048256957052, 0.2866440578316053
-0.69816166573948, -0.6537705845411094
0.852548988339899, 1.007446839430804
-0.5063044044694148, 0.46370020245122806
0.3451056366672512, -1.8951382494634366
0.13502203168858132, 0.38064553690739955
0.051417353228481205, -0.37419233230639715
0.5431242344644321, -1.5781793843376577
-0.6903913266626247, 0.4804687551562092
-0.39484984573128845, 0.6162579643666258
0.2610205001361656, 0.41633636508301214
0.02256151071918722, 0.2570345193302166
-0.8036259558901392, 0.6055979098939882
0.3332301338664935, 1.549681206413157
0.5483808482155421, 0.20828787847856323
-0.13108438676933298, 0.07324018633537979
0.6779438242950432, -0.9585272661465172
0.07367197678591235, 0.18313790328582902
0.5661743503115915, 0.17030208019225807
0.20285875234281714, 1.077137513796864
0.19452181191588014, 0.00201759938672041
0.15897657651489705, 0.35733903393815997
0.07826776632666532, 0.290745189672673
-0.4541497492482368, -0.7642196389743059
0.013378177976841358, 0.5088818204329052
0.11386874012377911, -1.0087404269253908
0.09464175400625727, -0.7365701371473378
0.005828072792840098, 0.10117835114537652
-0.4244306266889929, 0.41867101024534215
-0.2956108226440754, -0.038467626352233115
0.0019494526287133467, 0.4281540189336872
-0.08475129516913979, -0.33232508876614236
-0.381669376557299, -0.023295465471593252
-1.7093670965197147, 0.046335584490416956
0.16193412913974078, 0.49176394947275454
-0.8767181998703489, 0.4415917161972649
-0.13627469842786208, 1.6190831392370588
0.3632708978135692, 0.3544662951425271
0.10138920763970147, -0.36847989904125644
0.1847985915640204, -0.14829587699248753
0.08321858588086432, 0.34918510149784715
-0.5286341551990185, -0.663310314483727
-0.38711276049201826, 0.14173557969998435
-0.33444613226658626, 0.36927451683683254
-0.6751762908728636, -1.372329674099809
-0.7435488652098291, -2.055460515755956
1.0525048573352433, -1.3509746486332732
-0.966602833308972, 0.44578792490002067
1.6504717407273088, -0.7294482411554724
-1.0339418459431016, 0.5236451625485511
-0.7714095129856025, -1.358979398832296
0.0743828830775921, -0.1576618934643805
-0.03834654908242026, -1.2418419496165058
0.11741819702893956, 0.28394063005005254
-0.49899248040156186, -0.7775011665577743
0.07015217869100418, 0.979791013475455
-0.9616370085210972, 0.43410481322835126
-0.2873899681726751, -0.9893980036986096
0.06220114708668662, 0.22607683952271204
0.2080106115131134, 0.49007117837120756
-0.018222910956623633, 0.49395138635077557
0.025963035612921247, 0.579469997185936
0.48537000074330827, 1.570596399249857
-0.4853812490865447, 1.0706364443451781
0.2025968221142042, 0.2734620970875162
1.102841610779153, -1.4749324133871033
1.5600495729640915, -0.41140003702694483
0.4073616729534338, -1.0619840624484629
0.033313290995111745, 0.22405240543957816
0.3515924017729453, 0.09745225299093267
0.9381477884755716, -0.5812109269089177
1.0082007798624342, -0.46013364878048635
-0.39458954492323256, 0.06041462532821116
0.2949306247361786, 0.12901811220304785
-0.010855478293344925, 0.4086955605937774
0.44227793648929264, 0.6603090732620597
-0.020352108676025243, 0.697074916613374
0.06936014350662213, 0.40711134009304834
0.23543416951665466, 0.5017657001230892
0.47456689068362545, -0.37489147267737544
0.13622747911242103, 0.7735896095205245
-0.4640192342829739, 0.4369170126927571
-0.5621869371353786, 1.1429644706157165
0.2612107414946457, 0.38595181303032056
-0.38791929939087544, -0.23327687789303797
-0.6257301031854652, 0.5703412425694407
-0.7322969731046566, -0.7022728641656522
-0.14549975903785267, 0.17858927321456772
-0.07713072071194638, -0.011230044681339356
0.060249079114309385, 0.1896375686716276
-0.7932277905584859, 1.2469774047654545
0.06530304386950808, 0.5952585114504998
1.2661126950236132, -0.7980820539690245
0.39120846108165974, -0.9066866086087505
-0.48639347348081996, 1.121729058180007
0.9796038689314673, -0.6330242305167729
-0.031468375176591054, 0.1725649128307064
0.05340025598633519, 0.33713185923350353
-0.7978540292958789, -0.731689694338282
1.0605755449885261, -0.4529906425813388
-0.7523567650126736, -2.0447087709606997
-0.13501223029465498, 0.3371503345020928
-0.9100057356077533, -1.3520553287281052
0.23628299444937498, 0.11239591780622493
1.0479198182729186, -0.21810512130860052
0.1889193825963431, 1.1063420117399072
1.2470170210104579, -0.5873226846418839
-1.2404420277536075, -0.20543782828524704
-0.18754676515375004, 0.6006926923005879
-1.3215154614189135, -1.572875114859759
0.41570057827235557, -0.529260121245799
-0.06231889439333862, 0.673884831938591
0.4785511975928324, -0.4408408376435608
-0.3347690870044389, 0.12379784057321515
-0.4563390583877449, 1.0245965883377834
-0.2861057952551477, 0.7765044595662641
0.007432295840565054, 0.2525554214084099
1.1714853680595514, -0.00023697414111275455
-0.4587367784056338, 0.44762415908530984
-0.4733081011913761, 0.30946675044374794
0.16772386590873542, 0.5733232984906368
-0.855752391578416, -0.1178061447553161
1.6556670377264469, -0.8346667018510328
-0.364398505552817, -0.18048004711852234
0.09459767381737148, 0.5156859264285957
0.30190897076877554, 0.225250089837613
0.3482676437038504, 1.344454566389988
0.24135536349124778, 0.2171752365752197
-0.7528569162506843, 0.09170785676383766
0.45892259802588636, -1.05973213666829
-0.4750507774751655, -0.775229661900596
0.16485602205838512, 0.4740406082260553
-0.6018726547156137, -0.671563796391481
-0.2928651958957864, 0.4897337261677708
-0.7466562809091981, -2.1149081368347624
-0.9080672079827667, 0.4559072859725317
-1.5807135981939906, -0.04552142254842629
0.014605084187251208, -1.326586675539692
-0.19184018423099344, -0.3113487645837349
-0.5688304940263013, 1.1452629495263644
0.02356917180484712, 0.35959011005298835
0.0809932459205169, 0.22929069134984462
-1.0035018741952544, 0.4766351752489831
0.09762975510678605, 0.292703605298856
0.23042669095364313, 1.1035444564930317
0.3296048457360184, -0.3855741596350631
-0.5751240021290709, 0.5439528101280395
0.6239546428238566, -1.4285065034744107
0.8370774752416352, -1.1312035706870651
-1.0592696111918882, 0.4537577655454929
-1.7118250743874328, 0.05197926248287046
-0.9277620972741736, 0.40503010381658544
-0.5449678271858271, 1.141414713198159
-0.9183823262903221, -0.175189439838733
0.19838420785068892, 0.0633737782269357
0.13421928153627802, 0.34584176276465955
1.127565319675462, -1.4763658292813442
-0.7471148468951269, 0.06273491067515512
0.2043611170278658, 0.1826324785364046
-0.7767711969384415, 0.4628088122009703
0.5502013151006668, -1.5343764444695442
-0.26302133578733106, 0.7315977109127794
-0.14717383949440047, 0.08464770217076559
-0.18359752206916127, 0.3579553778057979
1.608595753936376, -0.7215252753073452
-0.4030014084881473, 0.17339395806185057
0.4421492587297403, 0.19150500168636977
0.19966650454135865, 0.1540025853271954
-0.1327368355620813, 0.2254537108380994
0.978940790496209, -0.6790570787761984
-0.35063669751970133, -0.15729998279389984
1.6029897583623045, -1.2425523582610594
0.22493203188920188, 1.019057441453592
-1.756132815934096, 0.0893567024271573
-1.1124287264320185, -1.4779394917148594
0.8641275032136122, -0.10678093188642632
-0.20134426690103205, 0.22584608490879937
0.4650610223463931, -0.12572900774868723
0.1354132770249044, 0.22307872425924175
0.01744299626972255, 0.1028531476478623
-0.6090298483380214, -0.678391606925914
1.0972301675723053, -0.3244711344100012
-0.35306425153993864, -0.8632673876129168
0.27589282045858815, -0.2723185983678063
0.2635202531808617, 0.04991340885973329
0.210328823027652, -0.9158175911375924
-0.20738576247498527, 0.24857656893610297
0.0213086349061676, 0.11903177041201306
-0.24591976546343275, -1.8091132127220337
0.540349675476207, 0.5099099344358674
-0.26573227974158764, 0.6987288686128377
-0.10589928835149397, 0.2662172989565332
0.06083861600868281, -0.3666887727771976
0.4198564322417205, 0.2712294011688042
0.38455525213839475, 0.32658741449227574
0.4828675706414129, -0.3966631457375622
0.2908594640406566, -1.956551809893295
-0.9019618358276444, 0.3563219753532069
1.3901978379072049, -0.8834191177861712
2.175125188824983, 0.47984578055280935
0.7933674945392253, -1.1008344362031703
-0.25370162785782163, 0.04843385659599506
0.639847412146913, 0.6752446081285237
-0.12159842360825789, 0.26278260602347847
-0.7724969357851194, 0.43025127136417946
0.6065804062300045, 0.208002196083435
-0.488632699111981, 1.1112653428918027
0.28775489437748475, 0.27011196321197417
0.08319113647082366, -1.2281549570166026
-1.0648108277504174, 0.41411727623250333
0.2533466436029761, -2.0460171163033154
-0.22755899561596118, -1.8042641728162119
-0.07929491089973174, 0.5273743906850115
0.02269279732346384, 0.5395265877548995
1.0051149296678665, -1.330741409239749
-0.33512121512410775, 0.7208163512496784
0.3733607613224241, 0.2572443373138262
0.8862338662895054, -0.19281303363423938
-0.3142998722900769, -0.9294026469556852
1.100927079706478, -1.4541631537742181
0.3520355877651803, 0.03910593403853327
-1.0148467769050262, 0.4042628052797753
0.27463806305193517, -0.6650967676742715
0.5799005406966102, 0.22734751651641125
-0.09133078416559784, 1.146625578749073
0.013995830376617177, -0.20746797742821957
0.2139780234548838, 0.23295393932753927
-0.05405626465010825, 0.39490253726463626
-1.7626973036188005, 0.1037086792502999
0.05996788880037234, 0.09978856637877845
-1.5348136337656557, -0.07471359333966425
0.013942656972783839, 0.15251865230962372
0.09340681011973304, 0.35111867091984783
-0.6732341869481918, -0.6608745851427573
1.8675037855515915, -0.20639154528188117
-0.1505585740909835, 0.47895714735700556
-0.5272904976013899, 1.1149951135432095
2.1764539678213106, 0.48129116059300736
0.2581295407812196, -0.17863769670671154
-0.5069758824066113, 1.0955223961410725
-0.004832652189979671, 0.26490471622351497
-0.2437498190645437, 1.7808783830188364
0.13046144611373753, 0.25311826132955023
0.0517049129342693, -0.14865430919624675
0.9856673419083144, -0.8633273825754221
0.15396676859609837, 0.4587219593153306
-0.10925558778823681, 0.060160995474029345
1.1172461517421028, 0.002011344042211829
0.44239268869688697, -1.0368910012982113
-0.46279113239344843, -0.03667702655760729
0.14653212870299714, 0.6003329485906022
-0.34660203063018763, -0.9092479534161805
0.10457583318877896, 0.43231740577396893
0.27192248021962195, -0.043022896686003696
-0.9639447594518484, 0.5249552551866982
-0.9020116422657114, 0.7203403360789752
0.7363875764299088, 0.9581713517285618
-1.0244311373010397, 0.48210537671826337
-0.17916887852631735, 0.32189042768292553
-0.039904783421321276, 0.14188895658794282
1.4897983189344215, 0.06305220218343914
-1.7349717339750357, 0.07788930246425615
0.04001304924962781, -0.6350809598293051
0.0488633282339428, 0.10806059790387788
-0.743189289260616, 1.2140724199619393
1.5156580805754005, -0.727892852557209
0.09141216346018376, 0.22505818783947978
1.1338673422923073, -0.33307909873943037
0.14395197592219477, 0.22228070297412883
0.32618068978319514, 0.16911766969865463
-0.19542107520643598, 0.31662629719064617
-0.5134128770988893, 0.5754275717919507
-0.4934565307134427, 0.145920412189786
0.3966530760446843, 0.50359490668331
-0.5721432076153145, -1.298782356865784
-0.7082660217987167, 1.0542939815565653
-0.7238453180698085, -0.7304645275893173
-0.1149541669031782, 0.2260619947446507
-0.04613526160962864, 0.4243933951438465
0.17583303178762816, 0.5581275515869256
0.28748029023110633, 0.2682934507173381
1.1477786477207472, -0.42840730638905566
-0.6495708117541266, -1.3506358637931863
-1.7087434670578807, 0.046731173599258186
-0.2772503925952374, 0.5663486773007954
-0.9224152395484565, 0.3795437354098441
0.2721636284975764, 0.5033401014944143
-0.05632547915970313, 0.31879849844566605

(('euclidean', 2, 0.07, 300, 10), 54.34597898545552)