-0.0016767595429154735, -0.16930248503517578, 0.9169305224424621
-0.554947046650178, -0.3991696671583632, 0.6777475690126674
1.5514254964219811, -0.6970882419112144, 0.8119820464975346
0.2650780330510521, 0.1448665156711849, 0.16106520315134853
-0.34201026324925476, 1.4198758802275682, -0.9995534936069893
0.07683442253334222, 0.47849412108655553, 0.5835565893094385
-0.9564301482125908, -0.9232844655218034, -1.314358587349485
-0.9422676913488953, 0.46537347714766436, -0.04552528653711151
0.1249813093972511, -1.590727027707028, -0.6885439166257639
-0.21290703667223174, -0.09093238324523767, -0.14238717517339158
-0.3013873244538182, 0.3392317985431431, 0.18711726140810303
-0.07443866679557035, 0.020848556982743054, 0.17699772171482323
0.21257643902799653, 0.5737677248358579, -0.021728572337215646
-0.30155066370421835, 0.39086863659704346, -0.6030558305132028
1.0568938353331612, -0.5423789134158825, 0.6899973412246634
1.3498197396545648, -0.9188166225130594, 0.42677913126034334
-0.5104475887643477, 0.7731569547951241, -0.5714600961354201
0.852225810233704, -0.7960144470446633, 0.2525088817904438
-0.2000050226819358, 0.21501248772934375, -0.5133375787516405
0.8527020989309247, -0.8564560062374638, -0.3650200862377493
1.4356600872553826, -1.009942110431052, 0.6351758691116476
0.08358046672694432, 0.048166586580735436, -0.1766465345535047
-0.9405535964131214, 0.5818824792833481, -0.0446531962000239
0.35281158941375856, -0.44237375811925006, -0.9926977384887713
-0.0426896185985378, -0.0072153924956601615, 1.1772729687230712
-0.27590508741705505, -0.23555728648554325, -0.2660002418146706
-0.2470989554571588, 0.11280604655399992, -0.17600483101979578
-0.8948864596439978, 0.4906246426710799, 0.44821778637367304
0.9333157106663655, -0.4723449437539302, 0.766198805931802
-0.6148103834590687, 0.7119233881185383, -0.6072969786249465
-0.5496844416301319, -0.22290782310998122, 0.2656085134581688
-0.7314601019073429, -0.019932108116898273, -0.4167355849701662
0.16676469377406963, -1.195288153484674, 0.7713881665589113
1.51082545294364, -1.7609667422987585, -0.11124119967305748
-0.9148671722911824, 1.186495993889402, 1.09380748311882
1.6926632476025492, 1.495673115661815, 0.1503492389472107
0.8930421297218725, -0.08649327942348904, -0.2988160939126229
-0.08510569450556818, -0.37163657491320906, -0.35898133296609863
-0.53434966091711, 0.5227159095866912, 0.21696254579286148
-0.1234911512963682, -0.42031282735831504, 0.04719979344419251
-0.022117128363836933, 0.3681699488769554, -0.07333964752697127
0.9044600798530189, -0.7104711539748102, 0.4262272433472887
1.5141249730802828, -1.7771461163803355, -0.12219944780393914
-1.1500547514241763, 0.3886026195450433, -0.03253026632840003
1.2478506099124458, -1.3014290724047326, 0.43107282368048744
-0.053145512154721276, 0.008168722426186294, 0.22706692663950823
1.303726635360466, 1.0780713823907917, 0.603022562779828
-1.4720576637053893, 0.8700293899170737, -0.8699674445052263
-0.581916403066679, -0.15125474142873918, 0.539568396986368
1.050586287571109, -0.5684901766328705, 1.833041878934929
-0.798734050956121, 0.061958252640192106, -0.3332574257590554
-0.4365062701228747, -0.6804915059904972, -0.6795186983447948
0.7848099726515415, 0.15464609910107022, 1.6554673658048626
-0.4813551026670451, 0.05807112251081724, 0.8140097126110343
-0.7165439427881682, 0.2786904681735975, 0.5500707609456863
0.08716361121410746, 0.14341193572542746, -0.40730150298481965
-0.24567419930364479, 0.11220466752117965, -0.2456757875144333
0.15106947180203478, -0.025340098472360423, 0.7410708726265006
-1.4179688448367465, -0.21968128795474628, 1.1549670099963727
-0.24224155251774182, 0.43173845093547614, -0.7453929345511086
-0.46532677629613395, 0.6172377410548474, -0.015620073600638563
0.3645155648466859, -0.9299712643625654, -1.243990460411514
-0.34865774379225367, -0.12546249230869205, -0.3424918578751315
-0.1190555935129345, 0.4009337161547747, -0.7618740966225866
-1.4767917566230269, -0.13897308422737292, 0.38387280027359055
-0.725963071299501, 0.21962740750973242, -0.6360718453538202
-0.02539040827165893, 0.3672059851180585, -0.09480329055808225
-0.2524082920318732, 0.1406458899144267, -0.14513925593217808
1.0486926547494486, 0.8487540474152329, -0.004114275776782019
-0.10698728112968857, -0.7187168109966633, 0.050811042389834964
1.010064333500785, 0.410426477815266, -1.1978212025308774
0.64048978649791, 0.5384464919278039, -0.9029805740433307
0.006126929781494592, 0.2679084610804618, -0.08465122139097346
-0.6551525918079371, -0.35281676745660406, 0.5268467537541944
-0.8804157917330209, 0.38787954674245895, -0.08549686339825982
0.12334263266469496, -0.40908333954806997, -0.057014087230939765
-0.19767481159092115, -0.5142963667421003, -0.7288086593093394
-0.14377620989321493, 0.9998426188927556, 0.21670002167134567
-0.11871163543433472, 1.3962912445170876, -1.1732719992576697
-0.1303216615503726, -0.2925502555056908, -0.1274294608677948
-0.0973907391211118, 0.14662143895631474, 1.068567749637922
-1.3435812680253696, 0.5395144099523992, 1.2831429848390465
-0.3454362665333056, 0.35428255734884634, -0.6288016499867536
-0.2044319916910743, -0.6823036594298677, -0.7700781088707026
-0.5057568117538644, -0.544678558290895, -0.6199908776071765
0.15261710395214115, -0.3792667336069087, 0.035824789696727186
1.3300929576906981, 0.5181169696221126, 0.4111821652017425
-0.835791227458895, 0.44441115200335607, 0.09074660502133647
-0.664955892169466, -0.2999860218643396, 0.35008850040042605
-0.4909260677170844, -1.063697458949231, -1.256321500027343
1.7579240121694004, 0.1933571060755246, -1.0511969314156389
0.09914033571103711, -1.6022515919555458, -0.6937223522285223
-0.19307245608195772, -0.12649794220028315, 1.1893815568617268
0.3112983990185866, -1.1742319827638865, 0.700392062895436
-0.04538499395265146, -0.07092182064580999, 1.0711195595688086
-0.6755550610881955, -0.9207276849735213, -1.5111388790589457
-0.5903307228651076, -0.40630040275900947, -0.6143565135065135
0.8937080625193796, 0.9749185833318815, -0.9960402989072392
-0.24225652318516028, 0.24904807758459535, -0.42478212879997007
1.0870611687155032, 0.7190758454126607, -0.09534827782412078
-1.386624940586598, 0.12967400007155144, 0.6137611658146318
-0.245062743983004, 0.06793973475252132, 1.1834017568852708
0.8606438734444398, 0.9185967076370016, -0.12227487466519968
-0.8061522298720064, 0.18113458472030525, -0.2702026406706518
0.01622473010837455, 0.190144832065285, -0.12671376653380934
-0.1436300519224123, -0.4246041302446577, 0.11472993136393263
-0.5669740681023732, 0.7497280144437303, -0.12715429059559455
-1.481803308179552, -0.4347210244241564, 1.2015817804715128
0.7066299827118596, -0.04543160600597213, -0.09975813967798823
-0.3903430021699342, 0.09005893437329465, -0.2942309617179977
0.2885161189554486, -1.7992756875829259, -0.5259021266602282
0.8480018209630008, -1.2238481168000501, 0.41377982591239904
0.9576035371593544, -0.9857291881448835, -0.6924412228539961
-0.22423728956859942, 0.11359433645035019, -0.14212919850269493
-0.6688853981830928, 0.46715613302875064, -0.6497187990999822
1.2797560944359196, -0.38499023918588343, 0.6245004239496657
1.1290437589545432, -0.5732686743040377, 0.41546159516293135
-0.2202468388310429, 0.7571415497572793, 0.3474910855050316
-0.26426230558575703, 0.5126723748737114, -0.430218496909638
-0.7624921260601571, 0.10099081594993928, 0.12993082299067235
-1.044563402293696, 0.30561257731564934, -0.7190364798761184
-0.19955082578848318, -0.6205264820348808, 0.11361935492357952
-0.09991478005964947, 0.13759494430357755, -0.023307698850826883
0.05339838941210953, 0.1405296294134845, -0.5114892139236197
0.07315964112305894, -0.24406284715332902, -1.1354535921027218
-1.0281712612248393, -0.12037195813915745, -0.13253037204729934
-0.7509201048047112, -0.5905296732844002, 0.5750320062571121
0.7858205091171145, -0.052091420768458734, -0.1265093800771836
-0.4659269702271528, 0.13109743720711184, -0.22782703964781925
-1.1875939416437014, 0.6394549165045719, -0.1593906075015272
-0.4390172701013051, 0.06296056878209635, 0.5290605763542391
1.5752147491370805, 0.608581550062494, 0.201545960773474
-0.18033824688818872, 0.42925503418452254, 0.23994247658103807
-0.7624857031970723, -0.47773839045771693, -0.23413778487185452
-0.20441666277131482, 0.4629098909427677, -0.1968732793653305
0.9801084264762568, -0.15024960203465046, -0.34748171689520024
-0.8498929255388282, 0.1205702882395341, -0.07712660239652486
0.5415959715755749, -1.0672325590851732, 0.4872820031825339
0.6522967211817431, -0.9758638962061634, -0.47208986668235886
0.8327740225630714, -0.05821547858970814, -0.20506572166640824
0.9377939463387375, -0.5859780740670926, 0.3713341768186948
-0.19849738604105654, -0.012559503797159652, -0.06163397184139905
-0.18772478536573947, 0.09711547068896444, -0.05246020498857121
1.5374373693467742, 1.054071113342393, 0.09326559614810226
0.9424789331303135, -0.45551389600412356, 0.39798953064861936
1.6576264939073655, -0.16694005999470754, -1.20864607164332
-0.7929861349271419, 0.1448762584116139, 0.2566864679948274
-0.9298337395769983, -0.9374026685536992, -1.3009928732232123
-0.5575321142413148, -0.14315845257891918, -0.3340748678333722
1.503161902058629, -0.700181564917442, 0.8485081893101892
-1.2830495046068762, 0.0026677530881340315, 0.34765178050430856
0.8034469840350805, -0.4536417493045427, 0.8382045863454605
-0.7079307649739492, 1.3882268960197863, -0.6779170008592987
0.1809269066335853, -0.019947190555682438, 0.40547113576037885
-1.519570411086205, -0.9582030844040256, -0.7803489173389557
0.19255273166013412, -0.22560101324941123, -1.5279817178300594
0.2269022584966626, 0.08660576893490433, 0.29848031633247696
-0.0025595381616008925, -0.12549027040889854, -1.6306183018195126
-0.4628733530203008, 0.4532097804789043, 0.17117745027488404
0.5658300452156187, 0.010393261451949283, -0.10383121919619276
-0.9538455743603631, -1.1219702559109845, 0.38760664776052567
-0.45753387747163227, 0.1935503141180171, -0.21461279416714588
1.6298693596766467, -1.1143509190911463, 0.6540396117705797
-1.073858645720836, 0.37879789640469164, 0.8687485253521028
-0.7713326522756014, -0.22081360490648658, 0.36660229458327875
0.022452074943156486, -0.2763341739603753, -0.16433450060016364
-0.7710145843727897, 1.4326080291232623, 0.554869622890339
0.24217059735550198, -1.1582561254053392, 0.8280041701962264
-1.0234619280450756, 0.6558753226315053, -0.06907130260727994
-0.3887885856115928, 0.10841680953449852, -0.09464130337319189
-0.1923657898202814, -0.10845021606399048, -0.4315712233066265
-1.5494736505065232, -0.313763524577688, 0.6986677158685448
-0.26388234584419473, 0.5778304796700567, -0.508268851084749
-0.779311965947766, 0.9835369536403399, 0.9448561788173109
1.0376981729391939, -1.020531537822754, -0.7682607275283484
1.1905893269569907, 0.7689851188062752, 0.01858498358778624
-0.15897535637777388, -0.35372523041569015, -0.321332511389469
1.3608242136469884, 0.7532243535224112, 0.3327195089397103
-0.4380607670553988, -0.06930018546830807, 0.29080705854928035
1.7165242310456235, 0.014538809109957468, -1.1322872342572259
-0.2564926133124446, -0.08036462609220357, 1.169104967339019
-0.30779631130862756, 1.4146555102527445, -1.0345286103176916
0.8670732697647514, 1.2672103797559595, -0.9306439058503421
-1.1279723117920684, -0.6661095277849169, -0.3189018341021717
0.7336062799682395, -0.020111277089388046, -0.10601027684665149
-0.32976803884881234, 0.011285970377730957, -0.09401122929176839
-0.18268342624057243, 0.04531776753591454, -0.18562607429550793
-0.09153237221731991, 0.08073767800784683, 1.2940085570903563
-0.060006027079332606, -0.04951690011396971, -0.08836602692731256
-1.4676785150190412, -0.16797178026198692, 0.38445766466230535
-0.40815799300857836, -0.3859723662147007, -0.9934218198935187
-0.5506666727161533, 0.4499946912407452, 0.906029242326685
1.0627843341837893, 0.003648587876833759, 1.4198236310932517
0.26959954689131366, -1.3687007513196592, -1.184385907597477
-0.28705037304288467, -0.15447851682786104, 1.1847008069046452
-0.12689278946347207, 1.395643702032474, -1.1762372971501558
-0.4518944926827319, -0.35196831148617425, 1.0570732127409204
0.7895315615436885, -0.0726363550054718, -0.22249478517674867
-0.742194251295157, 1.6545045227914603, 0.3471243195594953
-0.30609138430902877, 0.2207985183511966, -0.3171710385127792
-0.14203760630328413, -0.007639930035909496, -0.16894613540081155
-0.16234848046511188, -1.6566095447866758, -0.5474148229331703
-0.7622556175646436, 1.0931995285945608, 0.7172185779525455
-0.3383954972290263, 0.18555856075435956, -0.5071734197738687
-0.2450177289566579, 0.015402928301050542, 1.0224010552792562
0.9397162050299778, 0.2065538971901376, 1.4919632324163645
-0.4568087740896116, -0.8987148598211856, 0.3587191728732522
-0.7071038642139711, -0.2831586653062167, -0.14583206461170092
-0.6188159255455443, 0.32113553233079783, 0.2593515292381204
0.39678114231861117, -1.1526888235494934, 0.7572459764079048
-0.6836681474747822, -0.6827782248945705, 0.042982918854209795
-0.26974382520390555, 0.39427229474198877, -0.6617271113042491
0.1562422192200886, 0.5140293635200767, -0.15105612286603934
-0.5305139477283365, 0.11114169102394521, 0.22119585053476984
1.0257880437396776, -0.8363467354376543, 0.20849043690111715
-1.195344537499218, 0.7043755834091601, -0.10733171405438438
0.41984543053270035, -0.9668176188249133, 1.4883071213478838
-1.479557317104149, -0.005040736835900684, 0.3218972265176382
-0.10731589312617018, 1.3917202546456011, -1.182736941576279
-1.1812175651239438, -0.991379434642425, -1.0506168496258221
1.7753838248341574, -0.17053487871617465, 0.3094444173984181
-0.3119992616629767, -0.23235042144478604, 0.22263657377256058
0.0484169628436246, 0.3005661473775153, -0.9348630638085158
-0.20307892967260913, 0.2560449417133258, -0.5654835446240445
-0.49626515849803543, -0.23043139112248306, -0.25721884629561953
1.404193105563324, 0.6169250047104909, 0.20107435062970597
1.3375004309625442, -0.5958825763496696, 0.7797631707616256
1.1634857381210415, 0.6702335654835806, -0.0005826533563016753
0.4951794762314135, 0.5093319154798198, 0.3709609905616138
-0.6862677866200599, -0.23085836408502125, -0.7646925966875968
0.7957323280448688, 0.4153376748095189, -0.9043749179228712
-0.3035433963595459, 0.6609627047872648, 0.08025384764094337
-0.1499060626899783, 0.3099401529834571, -0.07732581591461121
-0.9765229268307904, -1.7672573962128992, -0.6456858813506612
0.09797670122695028, 0.9675292856740805, -0.348519319950465
0.2941803993115329, 0.287257410007141, 0.4972051562048342
-0.3705792485865489, -0.3013919981934652, -0.10289632231109531
-0.3322482828408801, -0.6895620110400222, -0.7009307440603227
-0.27451400423501693, 0.5892227011884763, -0.572058536089868
-0.07752573969309874, 0.5014029264904061, -0.326828683315253
0.3332140747314807, -0.004864232680364259, -1.1169766789396232
0.8855031188693717, -0.63698003801574, 1.943544160509352
-0.17559077504062043, -0.00017306409268779687, 1.0547659484939595
0.537616460585186, -0.9643253792733003, 1.0964961896743086
0.5232482601831598, 1.9389146101744212, -0.12924757235238377
0.1431616363587026, -1.2162329832945602, -0.7073161160342673
-0.9388517417492974, 0.2327565359574917, 0.015052345545705082
-1.0317181705604364, 0.4738206146965785, -0.9675944605625914
-0.2526866953849201, 0.4639705142436944, 0.05062415240670813
-0.3787203288761571, 0.004382987419691577, 1.087997086164785
-0.4516456736305566, -0.030872235960173366, -0.8027239700914889
0.8538444220717181, -0.09723551153706517, -0.28654368309650974
-0.3153137993787971, 0.19678561505019676, -0.4073149961098972
0.8651759187065979, 1.0333452304252488, -0.9465473069973386
-0.3302792075900634, -0.1808003568948717, 1.2610080755959827
1.1362971547578156, -0.7011543768159392, 1.8375216109969659
-0.982900258282002, -1.773045930347914, -0.6354021346820382
0.04560603419043886, -0.1387031628286178, 0.19254272183924787
0.12076563961348186, -0.1616716462133666, 0.1260920557959436
0.11759618296745328, -1.566738848215749, -0.6929232726076673
-0.7298060597604498, -0.7997194485656675, 0.4073211089881645
-0.255702948293404, 0.29966768127981935, -0.608338991279135
1.7689838919143568, -0.17365647789727343, 0.291211093655193
0.854347449683096, 0.9359599175914802, -0.11436924913602686
0.3409472099638174, -1.830669743713479, -0.49493919879963205
-0.1153281331908846, 0.5609735185775913, -0.4348991344342096
-0.21578643263045624, -0.07294780257076576, 1.301186565339162
0.49418352553954364, -0.47228709657316187, -1.0964843618192353
-0.2332908229797591, 0.5168514151300113, -0.928853663861396
-1.1766669313074243, 0.2884065730924977, 0.9380651147987092
-0.2463642791047747, -0.2828840888432064, -0.7827237871766336
-0.24209891754980883, 0.021294730113348787, -0.2850791385528675
0.142311190635645, -0.11867282669195839, -0.0476455251222399
-0.12519277641508517, 1.3983703074464846, -1.1604697311091852
0.0445543363242493, -0.41786822699600723, -0.29115098243190624
-0.3347556796169784, 1.4116943823749253, -1.000080073403523
-0.4458593873324584, -0.2656357790527303, -0.22035899153527355
-0.2820536946200279, 0.3650328176863316, -0.13100002715261022
1.4068552091008928, 0.7491649913664367, 0.3774977264929622
0.7052742210416454, -1.8021203175105311, 0.3927050785280406
-0.06513543442902066, -0.013969873325427075, 0.15257342102693217
0.7830658553864794, -0.057222198635606236, -0.2571288754724203
0.5224663001035735, 1.9369150663435535, -0.12942180521299612
0.33612368011462285, 0.5847990299495088, 0.1367843190368459
0.7900273725251715, -0.035971074515286215, -0.24287893084961154
-0.43754518842777074, 0.16372593547382724, 0.10065107318625349
-1.4202085975995538, 0.682887317843822, 1.4690319498474564
-0.3307994211709898, 0.04590860932799062, -0.35083570882802667
-0.45327356228300625, -0.34767160160579846, -0.15584975966221
0.62463060222227, -1.072464677560092, -0.06283100519728106
-0.06466340476840526, -0.21037767942846974, -0.38085009798364405
-0.543419620561949, 0.3543353132874868, 0.006445227669725494
1.6862189329092994, -0.9974728275855754, 0.7868997434276107
1.0340370019636733, -1.0141794670745388, -0.7448240630361157
-0.10497041874881577, 1.05222704864789, 0.13595172466568697
0.1542154847872938, 0.12072602717979672, 0.02380470263283311
0.8979314102773619, 0.9607982781891622, -0.10631254636092462
-0.28022577331384735, -0.06839190279519974, -0.20776937803306883
0.12193580239750011, 0.5914624434276828, -0.2754277041670625
-0.15690420742010228, -0.17423680632674413, 0.9836885538675092
0.32893407762598253, -0.07449718491319422, 0.8209348562534909
-1.4497182265306057, 0.7713686506355354, -0.6722886942253299
-0.15542574668816858, -0.07664556738183166, 1.1375260124072732
-0.34280905464822237, -0.01649272962994745, 0.19787103057364985
-0.501606862119534, 0.21115118155591353, -0.12984412073487886
1.6223535366387956, -0.8158202488724203, -0.09690127205410556
-0.13705413811699055, 1.3978927182468097, -1.1588363896071718
0.5185057874423288, 0.524309101881496, -0.7040641163009442
-0.6192497768781593, 0.2876157898656753, -0.09443446701863824
0.9321872767592537, -0.09866708512491976, -0.34613670111967054
0.5461635359629915, -0.9101425959864947, 0.758453437349542
0.049576077964990944, 0.7142705219028734, -0.09326593691343087
1.2876273542602776, -0.7714622684587821, 0.353975686795175
-0.2917952375382127, 0.3166679599204152, -0.47049750436011173
-0.5895514196844326, -0.001293668860190142, -0.6770497569155158
-0.33949823497210196, -0.04539772953363425, 0.08517383406374454
0.2759421442425983, 0.8137901463662279, 0.925711103105494
-0.4483223289924237, 0.44311162061482456, 0.6111274462163983
-0.08263500680955953, 0.012534941150503194, -0.5552259149063415
-0.640770559677362, -0.9974389726743914, -1.2943108677684845
0.6252301483934438, 0.011351574213580427, 0.14550519300228387
1.640136862249144, 1.0801440218411242, -0.32070671069005713
-0.4091228650982426, -0.06856773112695853, -0.018373191488663003
-0.13128653166654894, -0.03838956266534999, -0.07173836424176798
-1.0231076907074519, 0.38364134289566815, -0.10427726585872417
-0.20615257636726744, 0.43281835327549745, -0.5626592525910836
1.1199401417815655, -0.6828938808587292, 0.49466730050995883
-0.47234857342131703, -1.0016538267404869, -1.5307169887926995
-0.13299988187321968, 1.4009794408010443, -1.1635431927809328
-0.5314178108925146, 0.3342399475938073, 0.4367560336525411
-0.2932287659550397, -0.3072804941822359, 1.0637493680246244
-0.7246133215839852, 0.2772322941469492, -0.3413290057629281
-0.38394649546843646, 0.31394515037740883, 0.095025744094198

(('euclidean', 3, 0.05, 300, 5), 44.23408332912268)