0.9850672076504193, 0.5800718498823637, -0.17401536116978789, 0.28267844684534205
0.5527160568120021, 0.32053425191245033, 0.28145440706692704, 0.37568872158947547
-0.30929041088686265, -0.9823183579613226, 0.5034805799731032, -0.3954655324556379
0.2872326160410916, 0.13086528678997725, -0.48065960949026154, 0.3926129882634753
-0.1214481924547599, -0.5357374590107038, 0.059551887925769355, -1.2618405129667953
0.9389908100311681, 0.11497447507073646, -0.092981928365651, -0.02645160366332354
0.7340198957436255, -0.6689106060279919, -0.3316280678758706, 0.8931019474575101
-0.3362379600481143, 0.34072657182866933, 0.3020530414725288, -0.03711316259189105
-1.1012365016569006, -0.10149897747139694, 0.5323745247939854, 0.4364000728770767
0.29213895817797497, -0.10703834563921252, -0.010320305851577314, -0.01803508780115337
0.15484338211200002, 0.42953239979845464, 0.03525283981955278, 0.09462059153598458
0.3000119580826711, 0.4632228440517685, -0.3947355449229747, 0.15411770650165532
0.3411649051871293, -0.2212434878322876, -0.6087904847283695, 0.2948018367430202
-0.2639013378941185, -0.06471369848535671, -0.331132540203661, -0.07312650624434615
-0.4816631636510235, -0.4704025819979826, 0.49548777409057576, -0.6021469224054301
-0.19922276333105532, -0.7868095414337363, 0.5797768863985003, -0.39399938061598605
-0.3267392531514068, 0.4989254665430361, -0.6269212308610844, -0.17062871497505055
-0.2682433405566319, -0.4565977444537494, 0.7954733756129257, -0.12155229391694618
-0.22101833201851367, -0.20014599604820674, -0.2923819703491663, -0.15468313075217066
0.03792860379193149, -0.8219943778598277, 0.5744917234478928, 0.3672613855024221
-0.15408233092790394, -0.8156133026648293, 0.6124708173944773, -0.554167711055599
0.2848614864715888, 0.11849111163463144, -0.290524610495326, -0.07439985951725904
-0.2803984721545244, 0.418111541984241, 0.2665274867987968, -0.15152305382397063
-0.4795518509382478, -0.6839404019432851, 0.0602494529003621, 0.35350344726213545
1.022388473124229, 0.8583879548889422, 0.09172889608495129, 0.27763709769907374
0.18058772518772445, -0.1105977230440218, -0.1642791748302209, 0.3493989536337813
0.14690059483538645, 0.010843349294049474, -0.2145319034461489, 0.019353938882714517
0.4837501008641439, 0.6611775353597364, -0.12372867789170214, -0.4174862811297598
-0.61476085995114, -0.36674237491519074, 0.4980067527357661, -0.5430910002640499
-0.3531501509492677, 0.41233721267592033, -0.5420518403262428, -0.26757332423465646
0.3194985595431003, 0.2788048821183598, 0.10648220983279592, 0.3402527791249336
-0.2923416722871812, -0.057917478916591214, 0.13082791535082983, 0.17218139378516084
-0.2144342160077057, 0.08423166130344284, 1.215191058069743, -0.626870491876998
-1.7347900147545146, 0.09979487361058674, 1.2894427736477727, 0.008484342489961024
0.9190631734273785, 0.39946141366538773, 1.052365383265345, 0.029549477721638184
-0.008166039055228244, -1.7159866773929109, -0.46735200549038897, 0.15994816730936556
0.766602446141936, 0.312614531214321, -0.9861166891523842, 0.15274019476437034
0.2568790361023243, -0.4068389793738764, 0.029310765786281934, 0.1128905085119009
-0.22112788201397368, 0.4061731193899431, 0.2342835210574974, 0.46178668746131935
0.36902645941382417, -0.015923540581254753, 0.3908836793440402, -0.07939796347048225
0.12995988710709172, 0.35553517547003344, -0.13007043574741264, 0.18906026815214216
-0.35264127097214204, -0.396447222211298, 0.7420028763586306, -0.4561939609706458
-1.73770798473281, 0.09873358441330267, 1.28138367812219, 0.03928727173296517
-0.1529322778232401, 0.7058865338871954, 0.21158933886396156, -0.324176005789256
-0.21961565336859318, -0.7917675963614135, 0.8793348203363589, -0.7905578444038421
0.23734738699838256, 0.2221098247469211, -0.34263417492481885, 0.493577457620369
-0.24813719348900967, -1.2896467137353116, -0.7144164161486344, -0.4794825533950322
0.17207810423216546, 0.20933901693723173, -1.0374990306921608, -0.7897889685325042
0.5366330830287397, 0.4005402304881294, 0.03328527285197271, 0.38285325586070174
-0.8597458913980477, 0.9712519839379686, 0.2828873879178419, -0.5411238643476353
-0.1529966026668906, 0.1089226351616006, 0.11105032348607999, -0.5158272005401605
-0.3326773870721571, -0.3788664535882991, -0.03744266986005519, 0.5668654157125105
-0.5392682030152585, 0.8481622893270132, 0.807850462547879, -0.7036136471293604
0.7264422665993197, 0.5470383468478849, 0.019682916798854713, 0.3927608782011863
0.4757746704110223, 0.6015600764237954, 0.029062903719397196, -0.12026317873478969
0.255969060417538, -0.21256372596301099, -0.5111172133018237, -0.1491829830329209
-0.05357840992879487, -0.04866460529364543, -0.18472033255126277, 0.12890505211140055
0.8775000735965793, 0.7647085485500711, -0.28612768108585973, -0.005796876607235503
0.61081198700177, 1.2909477730734662, 0.18761010231572076, -0.4575587524221003
-0.28134855979041157, -0.21308429509408539, -0.6183290878969765, -0.09754684183348522
-0.2725722276889932, 0.10023309181223643, 0.027249915049168884, 0.3585478715210853
-0.8823571260724694, -0.6476777712332191, 0.09597068850385312, 0.7039126493919313
0.19216065975680396, -0.2580631440272698, -0.08348866639504114, 0.17041919736714503
-0.3222833486063621, -0.3654007144865424, -0.24512911040553048, -0.3388340973386611
0.30748273594547226, 0.7612903889046693, 0.5823176128929513, -0.5319752859083267
-0.46118685061845266, 0.028875775581102443, -0.058805143106615616, -0.26375686768763995
0.30014348860305473, 0.09518331911782435, -0.24665530766972754, -0.4211981256527298
0.2808750627659638, 0.03021558460816491, -0.16357241935269967, -0.005485326609233758
-0.12360474499882704, -1.0562750335020374, -0.3193484011080369, -0.26210753197569925
0.35875862488641924, -0.06791863169337412, 0.4591562152041099, -0.07621863322743276
-0.4472173500887248, 1.018662596544724, 0.021939268942062544, 0.08506192549820396
-0.23486757330348715, 1.104404186936283, -0.17971809458497534, 0.011129905670384204
0.15208198185200378, 0.14001954343153672, -0.42314376497117573, 0.23939276262647338
0.5332803304560925, 0.24254935310089332, 0.13094717235607978, 0.7068493820957743
-0.26505046981498104, 0.35247697586982135, 0.26233052176620786, -0.26176640519989525
0.5780466972329444, -0.2439688878224067, 0.14271994073451427, 0.017760960009716623
0.44973014896189073, -0.5093910645443629, -0.5792238060470823, 0.3663808018943141
-0.5797804556447962, 0.5391903726296908, -0.19246747095414937, 0.4369761542855316
-0.21697576689000425, -0.8096425015987472, -0.037061974477849216, -1.2495303321173263
0.48064686088683034, -0.08529911813972588, -0.11757400409840246, -0.2766638795416261
0.8779788396116087, 0.5797191473053666, 0.1573940361972585, 0.25905889971660856
0.4574615250990074, 1.3882137187830534, -0.06441272392866716, 0.23752280589099503
-0.2972182369194566, -0.006535990643276112, -0.29913203072168015, -0.07993488560963061
-0.3478895939122677, -0.42624107688251556, -0.040526795586569145, 0.5847369192666556
-0.2537161632016725, -0.29842917029964594, -0.11268051417271836, 0.4672929884475021
0.587540079540422, -0.28286279230447925, 0.03241137899869076, -0.1044136514951168
-0.21530788766642991, -0.9026469582460671, -0.7828011480736158, -0.05685412969244988
0.014113536294653627, 0.3888625916163575, 0.32065545391245553, -0.17165660934945315
0.32527284160459646, 0.2474298421356697, 0.060040990974688166, 0.5978904514530087
0.5329804507303262, -0.8713764317256345, -0.10758772106695336, 0.8925709301106737
0.8955304348341013, -0.5139660102547166, 0.9999570412730666, -0.348029404220276
-1.1113589860668693, -0.08607042864888473, 0.53889799989023, 0.4341594408584215
1.041185902965548, 0.621845867439106, 0.07454263559645177, 0.1931743375705923
-0.16096094254112914, -0.04660848633651728, 1.0995354762175438, -0.6512432378638704
0.957854208265017, 0.5559403863288034, -0.04448786173757255, 0.3623432115502485
0.5461184645608596, -0.8284287442665103, -0.42040394819463994, 0.986992653193493
0.02524255382429143, -0.28326656210596335, 0.3727107890050629, 0.25807164567204327
-0.39299581691343866, 1.1205578458357481, 0.40570838387760066, 0.25574513568949997
-0.0316323581950275, -0.09374327840328352, -0.2560549294438355, -0.0745202918885846
-0.06586274478241758, -1.0176488616833208, -0.3554221275449075, -0.2338684901043346
0.442659813291113, 0.7978655330110774, 0.4825126880846851, -0.29286390868246154
0.8721568862427639, 0.7425058695397955, 0.09855235658538386, 0.35413322315986373
0.22221459558684353, -0.9888516093742937, -0.21749214893678426, -0.3729499442779487
-0.2448587189296539, 0.2249632898079734, -0.056619764161385165, -0.15665869317216427
0.2890843463443171, -0.03210403093658445, -0.37846328098427934, -0.0550352773675733
0.41450280681104, -0.028852930105501235, 0.41110575966049817, -0.11504673056137199
-0.1991862487187491, 0.5294691902888545, -0.2969055673458165, 0.22825947831824533
0.6982933990277089, 1.237962635201815, 0.22266992625868917, -0.655250331417734
0.7617152683807399, 0.48937318434082555, -0.706420460235894, -0.08542187055714967
-0.03700973351731713, 0.029859257477888326, -0.007155961363750028, -0.08690210246550577
-1.2956994419235637, 0.0070887637997135685, 0.539488400522134, 0.18298222401474393
0.04797393722323425, -0.5101896328524453, 0.9893761747804388, -0.6542923289129753
-0.07091375669748853, -0.7013572864253639, 0.6192463678365049, 0.8021501586920358
0.12405741975849961, 0.10733721423110268, -0.016468842476363352, -0.18204314347812695
-0.29362152886589754, 0.14170051453881968, -0.3162456883344278, -0.5647464331965085
-0.5853261836028385, -0.4293653970802997, 0.6759033210838057, -0.2595726982238131
-0.4197318981272187, -0.6384393326792721, 0.45397462906782754, -0.33595398967501416
-0.487201736399464, 0.4513017254723182, 0.1291174005897794, 0.5921310873191739
-0.2877878850055954, 0.13504203630252878, -0.5032633968209173, -0.06819319668298214
0.25162573579626374, 0.36218286360993596, 0.1784210123333495, -0.17218273984358357
-0.19300027689357813, 0.7379054505026633, -0.27555887222924136, -0.6433847599743404
0.25950049329828967, 0.17369800066745714, 0.40944621380494556, 0.049813754451630846
0.29075278994476916, 0.02936220276354, -0.22677177833375683, 0.0445836503556451
0.21593289623082434, -0.11167168734384068, -0.5000814899627448, -0.32037831149732343
-0.0017363471019633113, -0.8117260812685742, -0.11408331245005614, 0.32355781639286435
0.09998809361352864, 0.3998750168614371, 0.10584058577227634, -0.5763665632722312
0.4215676083681534, 0.34591560164832147, 0.2410157139513702, 0.7684051543503121
0.7512590430171352, 0.4279550745428713, -0.8693891752700376, 0.03406795023937054
0.11601780001931375, 0.05652734179630331, -0.25205732323009744, -0.14185143960548238
-0.5528059860247733, 0.28058397360874354, 0.44385528621308407, 0.0637217339943354
0.6537424214908447, 0.2525275652963157, -0.17168617769308442, 0.5793901779694862
-0.24776314540287817, -1.0832608248733446, -0.7229875622828087, 0.006834930846182433
0.16977538444059218, 0.5316535847603817, -0.2967602725008507, 0.31746110312573655
0.3099847854020834, -0.18967996707178691, 0.3463520844946514, 0.41000229082124057
0.10773853584705832, 0.2752499759399226, -0.39391446492809923, -0.2431214399471309
0.7230062056384334, 0.2985960554892412, -1.0688956024165244, 0.2630493216988329
0.05048809318463051, 0.40960566055888475, 0.020750616585233993, -0.3252837844935793
-0.30210896402486576, -0.3371626564286371, 1.083419701631916, -0.2882611527158465
0.3362560491851577, -0.9801152233579986, 0.5813759267474943, 0.4148838827892997
0.5867014527412551, 0.5861094951363657, -0.9039750519937161, -0.17154562578345747
-0.46333685406819425, -0.3473033522318698, 0.6747911856521809, -0.18371470256069794
0.22506419986409204, -0.1486843075511487, 0.05070616347810555, 0.2514541929716683
0.19694005031103354, 0.1325360241391265, -0.18610203485944535, -0.02116259198709715
-0.2157449760592812, -1.4064397397250474, -0.4855863283340416, -0.14459058043030854
-0.55144265930817, -0.5196614738057078, 0.4415203107414964, -0.34366708390924466
0.7629833602035996, -0.3399119441986372, 1.30532291162013, -0.5564603436354595
-0.012763988120128949, 0.46813228891772735, 0.1923394848166805, -0.1784123429970963
0.7290205562198293, -0.6604711326966726, -0.31051199545740793, 0.9028547648906795
0.0673018653524347, -0.06004965626560161, 0.2252224728174806, -0.3081918293202964
-0.3704829594663157, -0.8346252457798746, 0.39395933978253933, -0.4651127494687884
0.4368786782137311, 0.616252644287714, 0.4368564651646459, -0.49462163956239863
-0.7266286740558139, -0.2625430595555083, 0.49793233844653206, -0.7250511832906823
-0.14353705347552315, -0.03814998483344862, 0.19179113853270566, -1.0573440164148633
0.05141796110965576, 0.13078794437649244, 0.7456073551521436, 0.2868287560398003
1.1334681252030003, -0.5458696935525699, 0.15053252595429917, 0.7525428735933907
-0.2330654889580653, -1.0967228610023636, -0.054671948834573776, 0.5590011340608196
0.7805640919056894, -0.15056288937250925, -0.19910329525898626, -0.2423173978274376
0.00911915671726522, -1.097943273301571, -0.10919627483404472, 0.4837747026372265
-0.03364204562629086, 0.4233149117810539, 0.017036179667322227, 0.1632855564598708
0.4111277008336121, 0.5348045437197838, -0.6308526752900937, -0.0788110970065902
0.2145442316795845, 0.7534034265216634, 0.005777243174575996, 1.0059118037404238
0.029545777041742004, 0.008782075064930808, 0.07896911264151284, -0.21677004910738046
-0.1298705208726583, -1.0059892585658092, 0.4515766688535585, -0.4798612181344425
0.7625751036190545, 0.5334688995116217, 0.5126276546749026, -0.302696878414232
0.0713240047305117, 0.22815899822156563, 0.37352663969397093, 0.65830957379441
0.33525427093070753, -0.023544605510511955, 0.18078047514115084, -0.4029025251571889
0.4633206667242525, 0.14730642667724478, 1.1827628835815238, -0.015104336517957312
-0.4275462052569478, -0.039404629629061785, 1.2923995478840573, -0.597789079939439
-0.45959306137080463, 0.2860417648490906, 0.3586947522655746, 0.00835284155999342
0.18094768038559175, 0.19745646573749454, -0.08882093553327247, -0.21711266467320767
0.16420882965076497, -0.2969195447803037, -0.1478670053877988, 0.04677585751675515
0.47758346109340083, 1.0238541659551894, 0.37855927428196384, -0.6604433549600488
-0.18821278931023575, 0.10255110076634937, -0.4913171494713528, 0.006982960554422737
0.8220557284906579, 0.43311402034607266, 0.8440225459365007, 0.03238431131345574
-0.1068832450299124, -0.7263313458212896, 0.6134583260242574, 0.8653250001559258
-0.15165706019441436, -1.1236150459292134, -0.3002420312197556, -0.21475269107813763
0.26905629829307526, -0.38397051370999874, 0.06408606840103541, -0.3012006755730969
-0.2457078202070896, -1.037738195838168, -0.6852453545026227, -0.1566809166816949
0.1043087335071578, 0.5340329303262581, 0.1531688454892741, 0.45972493921955904
0.8398332572361463, -0.44018241662344565, 1.1387885398754092, -0.4448549289167095
1.0743653467504723, 0.5018006696072818, 0.1059414087705435, 0.20210773082039254
-0.13239329757932677, -0.5438378534461902, 0.061013670809060845, -1.2536035499129017
-0.2980827260290348, 1.282832471722348, 0.4583743494411471, 0.3811015640848763
0.5758404486922145, -0.24417765037448258, 0.7273468035156205, 0.6091554096787157
0.7255498983899844, 0.5086047200886795, -0.693916107032629, 0.009483158090324009
0.3003134471393198, -0.13880586561628935, -0.1427789280745073, -0.003312563677696089
0.17219893940774325, 0.05614263747198545, -0.2804887442876146, 0.17503163566538363
1.1776074537159573, 0.5473430153559069, 0.11233493200233417, 0.2507252236876967
0.28010655320032646, -0.03539949096189459, 0.07130783630009728, -0.04157677668150535
0.3230313852250444, 0.7422703234886583, 0.5615705264338529, -0.5091880478015695
-0.3102052027403199, -0.3740997979455217, 0.4205860054219079, 0.30508097860711386
0.8264843859112551, 0.18891985826249222, -0.23106075873900708, 0.7738848284329429
-0.7957187122872051, 0.6432458286708028, 0.7064967288190437, -0.5401250117257206
-1.104550656849978, -0.37193141685743225, 0.27736451069486107, 0.7081601329251046
1.0315044371227071, 0.58236008585293, 0.19093387966719877, 0.28634505667747545
-0.23036898963773636, -0.8393148119245694, -0.01251468529599835, -1.2563965242411672
1.0351410976862627, 0.35056417217072366, 0.09297645542932396, -0.016574545093553748
0.6624695393839625, 0.413091656125866, -0.7996556641109466, -0.07398145679016359
0.3433934530560567, -0.01037413687615749, 1.348506418042878, 0.03836013589100642
-0.08319529598809378, -0.028676302448274488, -0.3015089153449089, 0.21433222028368212
0.20035627618880542, 0.06347452180157243, -0.10716174204239966, 0.015879917202360753
-1.0136131008755631, 0.09105874772097061, 0.8226974415979825, 0.5421509478492635
0.5616242304064987, 0.35645672432212794, 0.8894136611060929, -0.035912695547480826
-0.05486174167283574, -0.009607832431014316, -0.35486804142938255, -0.1293006495618328
0.9624187980023265, 0.47024066462212327, 0.016261463229646257, 0.06560442139448801
-0.8284042899766093, 0.7319213991679744, 0.8897510257706055, -0.38552571188662066
0.19977783063850796, 0.6871278736919951, 0.5402834893273905, 0.522315390544209
-0.1518021123107975, -0.08663174268104216, 0.1051739736666329, 0.46261263873867514
0.0509471966489784, 0.36465619733194804, 0.44848497242875707, 0.018736961520431777
-0.251995298172792, -0.1545681773142337, 1.2075181083226196, -0.6437996004068502
0.3448383059573277, -0.09054109411013216, 0.037932276704113116, 0.8972715047261187
-0.33672244376077287, -0.019666841214097622, -0.4997123001941833, -0.041362644467709604
0.2642326976029614, -0.12428452275771644, -0.55063146351879, 0.2066288634101424
0.23247409396630564, 0.3902731639198851, 0.08496144561299179, 0.10444301293110193
-0.15456842469582122, -0.5680012780942582, 0.7277956039748511, -0.18586341350213223
-0.5111710868324775, 0.316475030635659, 0.4397445360630638, -0.04031404435881464
-0.8222749903589267, -0.726031799856594, 1.3527546917563973, -0.5809390598480006
0.32192756462459676, 0.7541518194894132, 0.4962582366262731, -0.6062712755718569
-0.19789200301680665, -0.8129532921165432, 0.0022241774850675425, -1.2625874236048882
0.9079869073396457, -0.6449157946203713, -0.05303068838466479, 0.8218006015256148
-0.8959608199844806, -0.6867246077599903, 0.8882951601529853, 0.03867848980883443
0.09974072620063554, 0.16867797799830128, -0.2800846343450607, 0.7029919310819897
-0.6567639665953232, -0.126097612826769, -0.38410941760615946, 0.14012720393865058
-0.0914419487833228, -0.10753378425536973, -0.3387028200400819, -0.05127697325909344
0.1680527025396022, -0.05266318829960664, 0.12978618509068518, 0.3296552459015027
-0.24636678205515444, -1.0286276122499514, -0.6690465028101439, -0.04173109636758943
-0.3868422746120421, -0.7461655035479496, 0.42467884806698786, -0.48147773681970835
-0.15212231870047566, -1.0164865197994255, -0.4084932785878266, -0.11508460092063917
0.03957942346115616, 0.4990122761703308, -0.8382967024834748, 0.6454162953701774
-0.10085088492926178, -0.09974747780143527, 0.398972266814223, -0.1413943216219704
-0.4040312246937283, 0.9557454141905602, 0.18042842759810063, 0.13684272827969857
-0.2561264342828297, 0.4587871766328433, -0.10842609296876055, 0.373616191240637
0.04594579660890275, 0.04029818044756801, -0.13710030037100063, 0.355919352237733
-1.298469089048728, -1.051475587295511, -0.8556357225551741, 0.28376086124789696
0.28384786652708477, -0.32257396979843544, -0.5978629418746755, -0.5139710970470933
0.9512333153419689, -0.10587921029909486, -0.31001677637884595, -0.20125884348305872
0.20326404469011158, 0.005144891519838923, 0.04971264815180294, 0.13439381982735443
-0.3277623250527382, -0.42211590516701886, -0.07366366021909365, 0.6157228398089505
-0.33820441340625895, 0.009171728094839005, -0.4583498096064841, -0.07973539106293379
0.12217504745779907, -0.11157979824598627, -0.3126222907008481, -0.08975242568988182
-0.8311562680150058, -0.4869732765941063, -0.22682533253083134, 0.17915041491919365
-0.7763718675073332, 1.1289969857242252, 0.10373323047941302, -0.7406262348798862
0.8670725411565411, 0.6392409554012601, 0.08239035964465961, 0.277572372525323
-0.6462249568465328, -0.4578359030835368, 1.2808906677029266, -0.5398701551438165
-0.8634937236025184, 1.8565431449017105, 0.7803420946665557, -0.6775975706248857
-0.8834156555832345, -0.3006150046220119, 0.4138948085614084, 0.4721157181414905
-0.10643103272420174, 0.503370650012949, 0.22727101131826202, -0.18746731227657085
-0.325569776673143, 0.7519468397721583, -0.47883182319067547, -0.6800382927046479
0.03774805632320931, 0.3113873764521677, -0.16557891735682193, 0.27335765886148433
0.8906047888172537, 0.5766989334154329, 0.17272438925078643, 0.06037547257849095
-0.027314662078027227, -0.43939246573657076, -0.42063408608567665, 0.23990629431023547
0.6963427852303664, 0.31191658575175196, -0.8759947361025503, 0.03173483889328502
-0.004500254897616572, -0.0052833396512322215, -0.28694044517551937, -0.07271710562548159
-0.2821976123430379, 1.1520091800716663, 0.3961183347111342, 0.34631765251369834
1.2058576358590039, 0.5230673386785967, 0.0779956957603053, 0.2130894222633993
-0.9482773026562675, 1.103346609856685, 0.09332757051240852, -0.31483810514220156
-1.288389648335476, -1.0412661736733315, -0.8543994270077411, 0.2866373834911713
0.5411003403509397, -0.09812666542919164, 0.12297737816196555, 0.12486510273959096
0.597613194167644, -0.27489106804786145, -0.0010474247781953382, -0.05198053482608765
-1.1176635471246632, -0.09755260099155437, 0.5219256504390933, 0.427935109939167
0.23067884255038615, 0.6486277167656885, 0.22487738215469322, 0.7646198742534084
-0.24698716840310014, -0.10367420275079654, -0.4219298997659738, -0.1764701228597947
-0.8988146158435896, -0.7238484675885789, 0.874766642880997, 0.030827244082379125
0.11713731425335061, -0.9969150949154028, -0.2325409774880004, -0.3598768206816262
-1.2786216710002924, 0.002221224713724643, 0.5267659219718993, 0.17912483560782516
-0.19929915381728866, -0.012624928576282562, -0.5054834024786301, 0.13298492415621993
1.157473260682785, 0.5940284116032569, 0.11798817429563974, 0.11654690932968138
-0.6310870521133175, -0.8861479622394718, 0.13591132612648132, 0.2759244616162727
-0.2832270266672636, -0.1577380233711427, -0.7615768180435619, -0.11219922463988707
0.4319056783789732, 1.0940326870958326, 0.2157101393570819, -0.13287923071221217
0.3700053819839772, -0.45812453450596524, -0.6101658982444212, 0.25009102362528157
0.06027191253613989, -0.07804130250371329, -0.17973575281555892, 0.0028600712101542925
0.43364862115408936, 0.15370312515504717, -0.21174495953744668, 0.0025226287704755265
-0.2027360921718388, -0.8005357950866862, -0.051481673396137594, -1.2536602464442894
0.48228041241065334, -0.26889785930689813, 0.0344288454579851, 0.16635546633724338
-0.13868372726139122, -0.5282954837969135, 0.0586024014092931, -1.2550010018525144
0.14921670137682547, -0.2642070649937477, 0.005131398756196176, 0.3741409724900795
0.005215347956690834, 0.27343651613234166, -0.1215352070298266, -0.04729718453119722
-0.24310949386050676, -1.0816083075628944, -0.7589990688685503, -0.17371625702712593
0.2803637161233802, -0.5977955182671172, 1.0618696647827979, -0.7415425490717117
0.13011298238686414, 0.05802686838032082, 0.2652613269531794, 0.13697044025868577
0.6692363411064935, 0.36095716025876334, -0.8605276716868621, -0.007772624975181001
-0.8729615402721232, 1.8533571868806817, 0.7359337734971972, -0.6818960623423113
-0.05956324596550092, 0.3226904042038589, -0.78292533494199, 0.5272177571429194
0.6656000643329679, 0.439963412223394, -0.885703156680641, -0.011548212181705927
0.09220160493823992, 0.2154081256623194, 0.0648239438271777, 0.22205716248853685
0.4684266791320235, 1.4060164111962745, -0.2671183096829351, 0.4642078985582142
0.14832710817936617, 0.09884576030944955, -0.046960776579525916, -0.34933487214302067
-0.051356790584122666, -0.05164485443255745, -0.18053849965500218, 0.6683002106413186
-0.015124222898643012, -0.6515272210249368, 1.0155994880128634, 0.14229579416395707
0.13370688608062292, -0.40566799464248743, 0.04509459565764284, -0.14485056746317437
-0.030341255087960747, 0.2637619926400296, 0.17551197674564634, 0.1365829805557216
0.011656156815966594, -1.0320803257436009, 0.5216266256445524, -0.4068655319456635
-0.1130431844458421, -0.840806570343751, 0.62714918949316, 0.8292170772718279
-0.6625619072266556, 0.54598278675136, -0.233483684351334, 0.18555755360260384
0.6190090726398225, -0.3771100791402793, -0.31473057753160794, -0.029356845522287997
0.14743263974375545, -1.001954439327341, -0.2420138721180542, -0.37813122034912283
0.2010595983359888, -0.02486825164090114, -0.07192983356581864, -0.14963843364247614
-0.005861091032804976, 0.004476639241562007, -0.5705139092343876, 0.33921991384804556
0.9431997001867286, 0.6177755869576328, 0.08920026277199775, 0.5024836775193394
0.8848457120260389, 0.6147066104875732, -0.4237378372808344, 0.6527156990322307
0.22170098511040423, 0.4189633295459342, -0.7030025573196461, -0.8198427170610064
1.0044626917917228, 0.6578341515046546, 0.01925368812824673, 0.23901896062129807
0.22169680703934372, 0.3252832219318523, -0.15908410930720945, 0.4208118294216453
0.06314399761486277, 0.09993096441776239, 0.028435062825360062, -0.01202350023701319
-1.0770884553416944, -0.8793313877745292, 0.5303558143877579, -0.4280412013287352
-0.19357382564792644, -0.7892297980128948, -0.0060506713316078676, -1.26002462241528
-0.1311843575761945, 0.9888851437289502, -0.23531925788660663, 0.06290691089578425
-0.027052068690027745, 0.24686889838890697, -0.009532962347599816, -0.3304101755607513
0.7383648922370624, 0.33166879548070655, -1.003502315348191, 0.21794205546074186
-0.37413262906179306, -0.15364033574096456, 0.9690939825205578, -0.651160438813434
-0.004716471143357462, 0.13483124363345272, -0.5965604031985985, 0.4583862435643777
-0.5873766388564858, -0.7070746657148498, 0.6702911586671662, -0.32563900638118465
-0.26569661120484483, -0.10727283348735854, -0.23515707480641795, -0.06135682772587594
-0.32312927934581337, -0.17470652063786962, 0.03649722958409229, -0.1634884843514332
0.330617145227086, 0.2628668204688404, -0.019664955685228875, 0.1291099280965257
1.2695628536579349, -0.16885500874023543, -0.27443395288865885, 0.1619625870719708
0.2962776230813612, 0.797273740042646, -0.07048806108207674, 0.3130723394372583
0.27092938446719894, 0.031252741550193475, -0.28398664138513663, -0.3549836741123501
0.5312223882421658, -0.8569112969415711, -0.0582560985106561, 0.8536676579750597
0.7971783838611317, 0.5247227042169794, -0.6606619084291824, 0.18572397462981055
-0.29202081644460864, -1.5610995667799432, -0.14517231873851916, -0.18264670267022404
0.09508641861657616, 0.07812756942323712, 0.026113996819810272, 0.25695958360815097
0.2997921286774156, -0.10246405434687955, 0.02545355594039906, 0.09392032051042339
0.13136966688325638, 0.5022902052900338, -0.21675134222827513, -0.403808811671295
-0.1917986348676098, -0.028246674856810428, -0.4193256796392161, 0.007208710249909809
-0.3363791702096091, -0.6255518190999536, 0.5929843215354142, -0.36174850342874243
0.47351798697191144, -1.0059641204495213, -0.3340708449752878, 1.0285084397698465
-0.21930634131177232, -0.8490187572695432, -0.028831216897182425, -1.2660743032130686
0.4016124913015377, 0.5934966603320698, -0.00024926353640909553, -0.09049322049291267
1.019540246409188, 0.48324827244271534, 0.06132644552367952, 0.3299019212430301
-0.1703986495222671, 0.265492712701784, -0.2754682005966111, -0.018890118582395886
-0.08038313937798514, 0.41462589927596405, -0.11131706627166045, 0.12359136203363567

(('euclidean', 4, 0.03, 300, 7), 38.009576444429314)