-0.15259121282628396, 0.267002162361711, 0.05274818052460322, 0.25367299138948346, 0.6131967007333644, 0.3641408885323612
-0.4639051781831205, 0.06915298348226004, 0.14554475031460481, 0.1909436219723374, 0.20843693300605728, 0.14741311172933902
0.2626169738215379, -0.48832346275339567, 0.7285428179305307, 0.41451458047533346, -0.3358233247496491, 0.35454058481875494
0.016127698151885136, 0.2095551170287361, -0.3373243689306629, -0.49349275099719864, -0.45216703179866163, 0.16522010470011567
-0.3551134551040854, -0.687804882332293, -0.31802685780007356, 0.7186237424746346, -0.3617504146083854, -0.31435542366288877
0.002923507294535255, 0.5768158905153726, -0.2769299831170355, 0.18068880725483283, 0.17326155606837035, 0.406586541806368
-0.0386975819675903, -0.49661316117780085, -0.2972254997343901, 0.1710682121199626, -1.2611033167795422, -0.0825568058908838
-0.3947629042430867, 0.02502364866362808, -0.6793260035576848, 0.12385946183631108, -0.11457018709213765, -0.05907979447888903
-0.5897232614973676, -0.5574335703255263, 0.580334371937925, 0.4062287562887917, -0.6836708626398564, -0.35951008999620043
0.1280826233137116, 0.18294486116529002, -0.22774320230374223, -0.18795990375550248, -0.10616424604119684, 0.3083968820771094
-0.009005247288583033, 0.3111105462273481, -0.6221205332680861, -0.4855999737294972, -0.09794881251561928, 0.04941934678143498
0.19115100071475868, 0.12228749556975921, -0.38715402628597184, -0.1538449725736603, 0.42884836481125127, -0.16926746838064743
0.24768878381720164, 0.2119683829950727, -0.37883344108351047, -0.8844954430682315, 0.0832705710676341, 0.2320945235381364
0.26614236558766363, -0.3113948537046451, -0.15322230574221254, -0.30206457978739204, -0.03176373029604966, -0.1636862208754977
0.34542487534267036, -0.021158328256723275, 0.7316003609638762, 0.13816190354170654, -0.6871360664605871, 0.22143382695024985
0.1350288952497479, -0.2807827832864773, 0.5069444487383165, 0.3271548266650824, -0.5709272253084823, 0.35309628353178385
-0.10945586818642888, -0.421486605445639, -0.2183612503710021, -0.47938696327591035, 0.26747998941735174, -0.34394018966069956
0.14740769946888735, -0.292278951054145, 0.42807542617667205, -0.03513937584780963, -0.8754311665940914, 0.03598338859309111
0.31003587455691295, -0.25341852344718796, -0.03764638476859483, -0.15759699183368284, -0.07205173445139158, 0.11066690805660183
0.06643470081483618, -0.7050630606775254, 0.1508668418641243, 0.06943812842416695, -0.7131158449811791, 0.05088487964716547
0.15102558650104464, -0.22544337143762458, 0.5315968777736818, 0.3620009536149608, -0.6096114934146787, 0.46759342637542134
0.2500615464873733, 0.1367107881126603, -0.2847633931952263, -0.22626510877752115, 0.16990504955554414, 0.2102755853684845
-0.25334515966002336, 0.14755825578629778, -0.8125256949681522, 0.027500225673048617, -0.23035723796630866, -0.038942065418000514
-0.055879058261015246, -0.15491201883462305, 0.4158463465746737, 0.11736185919509175, -0.3618445208990507, -0.40960325674438014
-0.31925485858310204, 0.35812178930064353, 0.057931333478076795, 0.48909197401299875, 0.5471735094046091, 0.5077516473994749
-0.2520498374079361, -0.211510957545395, -0.08962266584696911, -0.23442264617462968, -0.1311700985137891, 0.1327013727753207
0.030337988760482455, 0.05506276713556517, -0.22794983919928014, -0.29536062278091596, -0.048996992636273815, 0.24996538394087145
-0.000729979725154292, 0.2174816534008905, 0.07971880805439888, -0.012382721403553128, 0.29659099487697743, -0.5240107508983237
0.3657265205171881, -0.0774253781427004, 0.760930390186848, 0.16315855076195887, -0.748216196631636, 0.11163047406566297
-0.17819478057994462, -0.5566583574261981, -0.4098703713896334, -0.47170753780327385, 0.15245126919592591, 0.04902847379619922
-0.2530883300051438, 0.14293060786609685, 0.07011278218083594, -0.12636956899146792, 0.2805712717932921, -0.20242658382111384
-0.3726393189990511, -0.1914713735944929, -0.3980194318742424, -0.20847012543502938, -0.2727699700195108, -0.114060563992071
0.17867019938497744, 0.11780549750000105, 0.24160815495748394, -0.3326890292973444, -1.1690089089225146, 0.38716879767390067
-1.4474731513203736, -1.1232761533729567, 0.30356686565567625, 0.5141926297375953, -0.08314474689379463, 0.6861615391386208
-0.39505185627016204, 0.3027401920131696, 0.7901060499701655, -0.20814932154912447, 0.4504746171217441, 0.2217136900417993
0.32847126904290147, -0.10748246331648763, -0.0586411448915019, -0.09954929957581617, 0.09417113547326253, -1.0342844386034242
0.5705259710528764, 0.21786493103573248, -0.11010877459131166, 0.18917452436640192, 0.6528977331563621, 0.5178792270882925
-0.07630474402413646, -0.05579613628385719, -0.20477883906667432, 0.12075904520248787, -0.40262619114334514, 0.1496511975119448
-0.5810784402302483, 0.15298622622899066, -0.5283544672887119, -0.3445575065171863, 0.23805989015802834, -0.18174557875517322
-0.1352197210057039, 0.2049403344894214, 0.0326275905426969, -0.41565324820407673, 0.24312529365337404, 0.5155811586836166
-0.13708013758450663, 0.047650929206367154, -0.332634224025596, -0.3090198036221459, 0.09693234749405495, 0.34583756639159546
0.08115259217367826, -0.1590200380689792, 0.5535495402526869, -0.008017058438739545, -0.7595787414069488, 0.24787914324590724
-1.4474533208537956, -1.1232726066934722, 0.30362085561623686, 0.514164568976752, -0.08314690916865637, 0.6861942354344767
-0.2860423926967329, 0.2260369694106311, -0.4651389288859752, 0.33136852570580233, 0.02917408124541096, -0.3764414127755015
-0.28182660574412904, -0.2061001345341685, 0.6406718354367034, 0.2982054595527088, -0.7298946348530376, 0.5252280065049981
0.13052409604086965, 0.024115983283431525, -0.5293461150365469, -0.16519948552615982, 0.44308655264101465, -0.16224227497667076
0.43187746784863795, -0.16019553996463118, -0.2077470580012495, 0.17568636952179534, -0.3789173744435403, -0.7945950353377372
-0.4321410317210345, 0.3727794148624487, -0.2677877756966547, -0.06413397802932028, -0.36337900275761675, -0.7457049586473371
-0.2764122233295978, 0.028475572438220416, 0.1458208331875059, 0.18731078985646651, 0.32780344577065, 0.013446354526794138
0.658852777293185, -0.9008690556308513, 0.6288417335323626, 0.2086461004606897, 0.13241507774960518, -0.24546234605112452
0.37916689969682915, -0.03634012234301463, -0.42461321823292836, 0.25130498958068304, 0.15328100919726925, -0.020988137284576002
-0.47147324134004265, -0.25053421420852084, 0.0690551240609352, -0.1882295437644892, -0.4188122648570985, -0.2676840110349435
0.7460175111606908, -0.7699831344610382, 0.6385166483013437, -0.15111000124914886, -0.19028143903177935, 0.058914286053536255
-0.2830368845729631, 0.06761445432183874, -0.0494670650276184, 0.22498671123673294, 0.5927313508093134, 0.10429289712749373
-0.0640063704543083, 0.09129170002388996, 0.24206678380778393, 0.08137741121000759, 0.41430572147882794, -0.26475673680766226
0.4465580197669079, -0.11465134568184382, -0.3500130193228308, -0.2894826413855569, -0.18084764263583192, 0.13070031885445874
0.09093058403582673, -0.12942698698471775, -0.23268734070346742, -0.20001564898583954, 0.027625449481230104, 0.18725322223755958
0.021551895659802492, 0.30003821674142767, -0.018187737862808927, 0.39657299079052233, 0.43260396581866095, 0.13421889720842822
0.25046439666581893, 0.5955412031090167, -0.1355818221226565, -0.5762677695555135, 0.40046579707175717, -0.5879565003551337
0.25078506004685447, -0.5401818054632962, -0.2715993603035592, -0.25476880856962514, -0.0645750987419849, -0.006174636615036378
-0.06634774283847626, -0.2711280164301769, -0.3030491575087666, -0.16194345929317247, 0.2791121036799531, 0.5120367172622907
-0.2837702344704207, -0.21033232768959845, 0.8595637423408173, 0.15052362966701927, -0.23465334626791004, -0.3297724048237733
0.012298260903933877, 0.06237626375224125, 0.13493231275238932, -0.10345903186254682, -0.06929948311127869, 0.003431267120395444
0.426978352103898, -0.396442929551503, 0.20158631077345923, -0.05816618273438182, 0.10839848567372523, 0.2866195836607167
0.0503435565781389, 0.8504790583681162, -0.08725195582591916, -0.24945148511897386, -0.032484736282740206, -0.21157994933490115
0.08404595171845763, -0.25644446450919717, -0.4616697580442622, -0.1109567980686905, -0.17253251711264833, -0.3155664360369773
0.30509879155393543, 0.01136346354197565, -0.6486922761509293, -0.2665022672785704, 0.06156868936710505, 0.27217334502432505
0.10058055274170692, 0.025984270333453744, -0.23433039294090582, -0.24906264881441018, 0.006031133942932116, 0.13322482717164824
0.3733836078498696, -0.5837846484181995, 0.19123093926528545, 0.09936852955641795, -0.2599202092665547, -0.7750445807470817
-0.1560965137506935, 0.10486748835682067, 0.10004538490833127, -0.23494948287777798, 0.15482702724692107, 0.5765932229689512
-0.006552096857216804, 0.036691718435323255, 0.902351157650982, -0.4825066898452986, -0.4753030810266594, 0.05430171211133176
-0.10339412479312524, -0.03632126537361476, 0.5534240887161765, -0.7054791085506846, -0.2299915797166113, 0.23573377965662473
0.10938151407986886, -0.06398428049146448, -0.1892226903993817, -0.5620211258543674, 0.04198297142822912, 0.40587613460546057
-0.5051698305409971, -0.12455200930763809, 0.25725894185357534, 0.2117146222035178, 0.23053760081783478, 0.046513153505019084
-0.298033641026268, -0.10215215523000427, -0.5563107706221383, 0.17097687774874784, -0.03653922192177949, 0.02088639024954764
0.08310850580903965, 0.10723320492713599, -0.19621441588328023, 0.12970072132428498, -0.2940474816220879, 0.4340688384701648
-0.5946401365509104, -0.4104558679971067, 0.05998558853533772, -0.4718792492435345, -0.2530180312822878, 0.2779749776842635
-0.3824462236043268, -0.07571325767757754, -0.5975950938708338, -0.7150787681369418, 0.1650564474902909, 0.3468292912650511
-0.31969766124264476, -0.7848126304363915, -0.2225903996510487, 0.8184229463648061, -0.44108406266995864, -0.37589152564038597
0.3236807898918299, 0.32133593119707343, 0.04628346028899747, -0.3175827284115927, -0.27073724394728615, 0.2350082507059236
-0.21158820539127662, 0.279391843475165, 0.22269066533126142, 0.1926586296075634, 0.5440261203514922, 0.32666025615496014
-0.12509124336151806, 0.5019876224510712, 0.3301263505633396, -0.6772460820233596, 0.5230243387896795, -0.5054006124245709
0.04629041422718268, -0.3163896892127907, -0.1953064897488794, -0.21326633546955873, 0.0749721692993217, -0.13937987641441316
-0.4500352675773607, -0.2441537941054867, 0.05592503252679099, -0.17100671104008774, -0.42313078271793064, -0.2966306717264617
-0.44733129997153875, -0.16653884349719622, 0.06244907421283734, -0.26175400191430903, -0.2653055587129932, -0.20983651444374646
0.1985661974353578, 0.20278290519824096, -0.1633043075116324, 0.09972791070576438, -0.3559103279649191, 0.48380603303380826
0.1395460867036775, -0.5432512609019465, -0.16563351000780235, 0.29594749445152846, -0.4977873419443295, -0.6808879383578437
-0.2664896808481575, 0.2221298790629356, -0.6009964004053326, 0.2931302400731066, -0.009467355556985333, 0.20054438009591882
-0.4189583853125364, -0.2446870420377575, -0.0950975567321137, -0.011930090794239309, 0.3668979520862312, 0.12499359445130728
-0.07428464565834442, -0.5563004346248305, -0.21745908636568975, 0.09442263751203442, -1.1765144609511375, -0.10462132507999825
0.5295330638450091, 1.1542469135781714, 0.13855016337132323, -1.1512905356980236, 0.23118796036590877, -0.587152158067005
-0.587521557400729, -0.5179688408280995, 0.5676575766586146, 0.40350871783470155, -0.7158089794162464, -0.3879370299542548
-0.37023157095253156, 0.37793676264937714, 0.021328901555838824, 0.2710374078089098, 0.6277388741913034, 0.36510703231418273
0.10413402473050992, 0.12394788399055301, 0.22210208959510078, -0.23853458947007808, -1.0849508565140145, 0.415564697137088
-0.303398052144606, 0.2237662524072632, 0.10893170372656599, 0.2929591736622747, 0.6028347173333595, 0.420260889392236
-0.1414851315239329, -0.5819788073922143, -0.21475622924743754, 0.006142456594238336, -1.2942064174822456, -0.13376540297481282
-0.04625239486314241, 0.2160340488440106, 0.007353213946838797, 0.17459384558969684, -0.31299096854551656, -0.14714380941689525
-0.22096798069193713, 0.2311780776147523, 0.7894686462596769, -0.2895004555161361, -0.3373634340075483, 0.5607446716854606
0.23170928975887414, -0.15399994001807848, -0.06907113193292556, -0.24566169390249462, 0.025864164117178796, 0.05625956768192894
0.18511954170881192, -0.5490512516693993, 0.23996812275232662, 0.11624771849569786, -0.23792339084595246, -0.7575263383188474
-0.002528521316675862, 0.7260091470212471, 0.08480535775057411, -0.32085338091200616, 0.09159040397741236, -0.07717406832167484
-0.3865109080431485, 0.29008178669966184, -0.10869730700664493, 0.22728695165275076, 0.6805142096284533, 0.5064321966397478
0.22372161597533682, -0.7240512389143976, 0.33719511131695656, -0.002832313319856277, -0.46525668071206244, -0.667391346463354
-0.06994036643776619, -0.40410445251470806, -0.5093637318062787, 1.8573496500887743e-05, -0.18740834811820348, 0.21723064368879
0.3638926889972807, 0.14599089438214266, -0.2515673600360312, -0.4326897430026637, 0.11623064046415717, 0.17409611691263524
-0.056955417491849354, 0.20430450428678013, 0.02707484372717375, -0.1986477173370978, 0.15989358121743408, 0.6021370714485583
-0.2867440613319126, -0.26427625799472615, -0.22024645035816998, -0.5370480531854891, 0.41320435512889014, -0.005076431123095846
0.3258944443294652, 0.7210577980306487, -0.3163104185017447, -0.44700391742890566, 0.21383240382811627, -0.6558969819643552
0.49092353705574604, 0.20434992292884777, -0.044145826859389135, 0.22846836255766237, 0.5282849523308888, 0.2509488969392906
0.1617866630734659, 0.10871040806418128, -0.31451842496796756, -0.09576172710710451, 0.14608732997734672, -0.13002535284910133
-0.7688737575027699, -0.45903081586127903, 0.5510516386520362, 0.48015576836359025, -0.8960009869329296, -0.39870029142189317
-0.09707414780408503, -0.09005905594155388, 0.3451725705998094, 0.0726483838930961, -0.8778543375962881, 0.3945621550211398
-0.11431282075460047, -0.9616566363602159, 0.2664453363092705, -0.009177851934572196, -0.43705092725245653, 0.12364056283664347
0.1965921614598501, -0.11170556513689268, -0.38127959102100595, -0.2888883521762916, 0.19523927358578538, 0.2083262809604586
-0.09743289930306304, -0.33832509046671067, -0.6160359382713214, -0.3925618857809645, -0.22745050894700866, -0.019567314108576407
0.3342444109347981, -0.486282605371137, 0.5996557981959666, 0.05378544550547791, -0.618616188177528, 0.07414061164437566
0.3143911953134931, -0.22114202597948251, 0.60973145993544, 0.24461190360387564, -0.5422220674013891, 0.06175530306102857
-0.602617333628283, 0.012198926761492581, -0.5175783795195835, -0.5664434678710135, 0.24199388982014036, 0.1581585559999046
0.11248265183523204, -0.2638213486267413, -0.20452460734575717, -0.37931455507693934, -0.0880755406912234, -0.11923544052944532
0.09717614936377826, 0.3449544796766209, -0.18035566631267286, -0.1583197772571146, 0.15266526294683616, -0.03525184957299695
-0.16582293151707664, -0.30325161897385405, -0.7779822552825614, -0.07294979646569794, 0.10013472975872581, 0.5022236954600734
-0.24777861655170172, 0.15711198211019278, 0.0045821669602504125, -0.5258981307649123, 0.4882296422169462, 0.271751248932038
0.1885762156611895, 0.20415790383341978, -0.29909474211225523, -0.16424896845335302, 0.07369715706514804, 0.14652368908279217
0.5950228116306229, -0.010184211094040144, -0.22652806345454976, -0.3394482142606445, 0.053290013976347465, -0.013840079914093589
-0.024940775877203163, -0.17941277514319742, 0.270763911771204, 0.38239350957184703, -0.24307662967755164, -0.2258832338248433
0.07811409347854369, 0.5749814856824219, -0.6620307612999575, -0.09495094007684925, 0.3424878569199678, 0.0762220135063623
-0.6684946240512295, -0.16146451762369085, 0.034559974523100584, 0.2776642623010575, 0.17821638920735325, -0.10303247024159454
0.48669005690620737, 0.13124591384645484, -0.029007020842064638, 0.13406763049794082, 0.6671482362243578, 0.40228449741440864
0.20880282458576063, 0.060099533967573567, -0.0183812309077376, -0.3855883031056406, 0.10921385377483378, 0.030903059689669252
-0.6417080368589742, -0.0832118588539538, -0.5747342981857863, -0.06121319766024403, -0.3139815323124072, 0.06253433980859073
-0.13806001222681644, -0.17642203369163556, 0.11763655667762316, 0.13994382494737143, 0.4450603200597555, 0.12951801793301213
0.05736711934872841, -0.49301189312030086, 0.033066252800175486, 0.2819061575567886, 0.006802253914458717, -0.8854891044090042
0.07816953195964424, 0.03649240924697249, -0.46606493236568874, -0.37584975818636107, 0.5581608221350257, 0.2305212054432582
-0.2762325431539922, 0.2486624596231844, 0.08405834943396172, -0.16422647970617765, -0.25055365504270877, 0.20856578786805088
0.2093520931699464, -0.008735675894893165, -0.6302678722024907, -0.38501496498760357, 0.20113263851860658, 0.18699614537454667
0.5587706213649466, 0.17102358001347887, -0.07336849958430033, 0.1598714030344103, 0.6701138768444861, 0.5945331315703765
-0.0023619071770867427, 0.058695392973910916, -0.5689063852042022, 0.09748448467565603, 0.14694247776168423, 0.28353288634045165
0.1696422862018237, -0.23711928420851436, 0.3450602667604825, -0.20886547293028362, -0.9836715124191879, 0.3447813937730248
-0.09384001861380119, -0.6713993327143485, 0.09048344491579428, 0.33956346467583143, -0.6958143117864594, 0.10660387893159445
0.5527405109513686, -0.05329153272013586, 0.08039864907237124, -0.023286779741731184, 0.7571531481149265, 0.19472220397420864
0.30270425258241374, -0.3132074197920186, 0.44613668462746764, -0.09088759442989199, -0.8506489174469415, -0.04770130273551185
-0.23493971509547792, 0.16539855697364986, 0.006687100779697198, -0.3109225223749818, -0.12354867787017437, 0.3052027823412085
0.08449804796298721, 0.009585082600720257, -0.5252003899872285, -0.23612745340103444, 0.038632502460963294, 0.06836047802119372
0.2813145149352376, -0.303628849655361, -0.037119020681872936, 0.022706574047152442, -0.14512697657055754, -0.9064184865090427
0.2677569433219249, -0.10844941035759102, 0.6536694440516281, 0.13111838051625088, -0.6873948734044465, -0.12927558128283953
0.5635021093702, 1.155541374484827, 0.3374109842032888, -0.9635375517470938, 0.28124971370485524, -0.6527272617703832
0.014407472568019991, -0.05473279712015061, -0.49056834446956904, 0.2896553502589644, 0.4605506524589383, 0.1973409609072188
-0.056150369616400235, -0.5071734596969681, -0.28625020940389334, 0.14524352872929203, -1.255179481377555, -0.09698934219798594
0.4164221382967418, 0.06614763013470572, -0.08298308556674276, 0.13005158547809953, -0.008191301799073967, 0.03655008163517173
0.3984456714422444, -0.1932128314875786, 0.6428569473414202, 0.4154852592935365, -0.5341856634934793, 0.23233697077538007
-0.018633782456557016, 0.744026200738624, 0.018431866220466255, -0.18391671159420725, 0.11022578297500926, -0.2006192120157034
0.24383316921060866, 0.12952715385710994, 0.9186456954185617, 0.057770963323761186, -0.9487409053228524, 0.1297580917562381
-0.3947893980861544, -0.47324506468563454, -0.47574371037147695, 0.5136835789543026, -0.19652009680001906, -0.20078533805977317
-0.5132670519582471, 0.15254167474096783, -0.33879777614746914, -0.41525896622925235, -0.2615202518925515, 0.6864080391245008
0.08139075440603269, -0.22726467691209945, -0.5229590306215463, 0.5695868167512653, -0.9997817368098464, -0.07567222147485876
-0.20511779763624555, 0.04600541578851384, 0.4487597080249301, 0.3702261221211955, -0.3207986454165566, -0.5998971843421858
0.22680973209485794, 0.47998282234575723, -0.4087022566171443, -0.020615825254580177, -0.00482990942183241, 0.5432038164768692
-0.17802807781274274, 0.019730752712796146, 0.3349641525175307, 0.5874934587452377, -0.22564716237004218, -0.4737016619797546
-0.25495586652294355, -0.0022730079393854397, -0.43796654112399963, -0.0789566766904494, 0.2116329172355896, 0.2764345348020635
0.4540151177756271, -0.020703943702157987, -0.04603335731884589, -0.02367409862670371, 0.6603088245753483, 0.19820126552789558
-0.6110567630119841, -0.2835893609615436, -0.2464843975513368, 0.08277333878795008, 0.3535866524452094, -0.5771274467306716
0.07469152846998584, -0.20550644873566992, -0.49770957117267084, 0.10048905509669755, -0.1278876371260276, 0.16991046580819733
0.3154721465545928, -0.20624893669092886, 0.3273298556993825, 0.6083010450478096, -0.692771329547368, 0.3640175368578027
-0.02846559133485385, 0.6213399450143477, 0.25210285052610576, -0.12823484935112578, 0.30852054664797757, 0.06952250170072485
-0.534425201636037, -0.3291539334835585, -0.43488381585972896, 0.04449512275109002, 0.5639600328174456, 0.12217972336290298
0.16990557912758508, 0.2107811987631714, -0.15194001261417342, -0.5171232956585161, 0.38069237595516603, 0.4262161555167817
-0.05509552943435976, 0.05065161456170595, 0.7364740758366617, -0.3284916452300539, 0.553495865397033, 0.1764019516329132
0.14703820580152, 0.054315572561825544, 0.36045965818765996, -0.34758854368479225, -1.202725507163654, 0.4307713670327286
-0.4963444465986264, -0.044050476033613624, -0.6106485082826787, -0.03552933398187789, -0.21403549486039988, 0.09717792764619201
-0.02234674478338559, 0.212544629121023, -0.3201923270094618, -0.44810061827960734, 0.1794656849462851, 0.18763484726502036
0.10598403194132074, -0.174330399709986, -0.13619057099322138, -0.0010090473036302777, -0.22120037233735199, 0.1072299907154731
0.14682318352195903, 0.7924589266213065, -0.1990228298888362, -0.30125779698903504, 0.07507191341471417, -0.3734807128224585
0.051282494015243645, -0.3428802192398418, -0.14268693799230656, -0.4960770422453285, 0.03926311518821397, 0.0325489870034415
-0.1169964872925459, 0.198152084260826, 0.7127200894134138, -0.26399660536234365, 0.5291628089690837, 0.1751394735571863
-0.04120774407601554, -1.060064085848106, 0.16751190478661104, -0.05086519046681952, -0.49522227974464417, 0.053918184480491536
0.232736530876281, -0.4386861259312538, 0.05371204709927137, 0.02105912602176939, -0.43947009542589965, -0.5318222031875551
0.3754038355723492, 0.12346568697177443, 0.06591641803412591, -0.045697896722407975, -0.183995406633125, 0.32713510886288333
0.2137199069831971, -0.4237444339455426, -0.06428273688933256, 0.23416102654089835, -0.2735353268938628, -0.7765511187156259
-0.3029132882986922, 0.09112223893539224, -0.24527109222178692, -0.25341890276634943, 0.5495903835008489, -0.23604509196074377
0.5443318134873872, 1.154647882173661, 0.22573922969119686, -1.068687554326632, 0.25317802471535333, -0.6158864880720241
-0.34005349346698527, 0.4470006104432111, -0.04320927634683843, 0.2443598847790942, 0.5494678554664048, 0.37500162572110435
-0.3658444594725278, -0.6554984560512779, -0.35289191561575106, 0.6829463425823554, -0.33145788061367765, -0.2931632244988387
-0.11592221172354382, 0.25424558582330015, 0.8345449942638121, -0.3169250969097945, -0.22361525629459944, 0.6972056075562748
-0.47635680466672653, 0.49780918607987706, 0.2567582692596398, 0.035243035187514135, -0.39273629917582004, 0.28998113178421064
0.4807129757285036, 0.15283215765221272, -0.009758473523757374, 0.06867892680639485, 0.62392126854562, 0.3174006324568295
0.31856564396604214, 0.2629752294379085, -0.3146355812359812, -0.0924976947887891, -0.3750079473585479, 0.08984231750640308
0.11243434030664214, -0.07357684493725088, -0.19109845591101346, -0.12599520901820735, 0.16269954912856988, 0.08050885165295966
-0.33931980313395654, 0.46725375973087274, 0.026925251524717933, 0.3262767953918492, 0.4924257496138037, 0.5320482929530082
0.18336142834093813, 0.17584232484706466, -0.17146358530597516, -0.12406929580429811, -0.12537928886957211, 0.26591588928982
0.049394560486031885, 0.8579941720495015, -0.11537392603858798, -0.2558595430159916, -0.06425238340294098, -0.2004538766755275
0.3370878037617716, 0.2319084036128496, 0.2885253573868349, 0.1701186404270824, -0.3193553006887157, -0.4022206364517514
-0.22827941810619767, -0.14316981074117677, -0.007267279329343324, 0.27414440794941025, 0.7660203580302177, -0.023901502957582806
0.6537756337464247, -0.7994290944300041, 0.6213851826842245, -0.0030323263894104224, -0.25212969386508555, 0.08162647091796472
-0.5522700136759158, -0.3485604511510167, 0.9234185980013776, 0.3320865098228954, -0.3646932261497066, -0.3258877335455001
-0.42056396417373587, 0.3708650342429959, 0.04431830250052983, 0.24915707789961508, 0.5338227650030024, 0.39024133616147133
-0.31849901823320903, -0.7882596232306082, -0.2151356171636447, 0.8263625980275477, -0.4445298992264023, -0.38322802226299924
-0.27171222969301634, 0.5410625865817444, -0.1716160858328671, 0.02203386909154514, 0.6783949803831599, 0.15631466349384182
0.4857326247739871, 0.11512493780901058, -0.008796677255523829, 0.033053215776629154, 0.6265555921393534, 0.3051030095717456
0.008153424838423804, -0.23632118710956299, 0.8312129423127292, -0.43229465606556455, 0.5867711697159513, 0.22662486105595062
0.01515050103097886, -0.21521617064971635, -0.025662717481824818, -0.3399388477578372, -0.004724596513516667, 0.08070764939306974
0.0453208679631386, 0.1466864529872922, -0.18280402886743422, -0.3406799560712732, 0.028157480073954213, 0.17903478514100366
-0.6075766409244474, -0.8124142553049672, 0.5562789170856702, 0.44188569064471295, -0.5709632223513147, -0.20132222483044973
-0.02976635804014619, 0.13182005524311818, 0.5432476186295085, -0.3267283483267439, 0.5463669992888822, 0.04268160977795206
0.0070870320319429275, -0.31265842424694557, -0.24617483070464233, -0.29883938871646654, -0.08204952571945459, 0.04772722035003436
-0.18899868318492355, 0.4806855562699012, -0.07381415905242472, 0.18286126219940754, 0.6013092279729936, 0.16107431248691928
0.7450564646300857, -0.9709659363122851, 0.5454261569678445, 0.04557059439513845, -0.25029456403124933, 0.22589596732868752
-0.554779861100913, -0.06767123052613033, -0.12624642127076768, -0.283094436859501, 0.5721910285856897, -0.17717973713775395
-0.11503471871170237, -0.41314732233535406, -0.15270728493415545, 0.3234910909863977, 0.07005323244294386, 0.3726966734586903
-0.3406075939208182, 0.5132542074144357, -0.45246632923166613, -0.22041456809981025, 0.1259052374505962, 0.2036166234840651
0.06983529375392548, 0.06542582971752442, 0.3852731789353758, -0.24087874550445892, -1.1312236779996023, 0.44140925203090486
-0.5922190932721635, -0.4097203620720308, -0.012375381717711733, -0.16532015636591155, 0.31126613132107384, 0.3278545433789626
0.13872088068339866, -0.43916444393831733, -0.112609302763571, -0.31971727473586464, 0.030441803314723855, -0.019323404545032008
0.1421274363392707, -0.103427344845875, -0.20307442810607632, -0.6686718560923098, -0.10321657397801401, 0.49289328773085583
-0.14482887996626478, 0.21955544496173998, -0.2044634779941073, 0.09671525171912915, 0.15893672501061376, 0.008168043644651849
0.20197432551773578, -0.3328144802519517, 0.4262945042646615, -0.06416189879161308, -0.6587475550170364, 0.32031359443371893
-0.5821975348594872, -0.021034421345344664, -0.7066731231137048, 0.01742587296570182, -0.34441739397781695, 0.05909883559822807
-0.06494270606012949, -0.2470365414140869, 0.8922229237818713, -0.3000775743940525, -1.2099604979202239, 0.6720273448725913
-0.014304035224570499, 0.733899206161499, -0.15454040633020152, -0.2042158993130027, -0.046794530412873146, -0.31018406226680284
-0.3244558472247952, -0.7733462033586571, -0.23556994967498066, 0.8040336123827051, -0.4338592439754311, -0.3691377659553704
-0.002189107722583554, -0.4108737236314847, -0.3639551632645207, 0.3050686058249592, -1.1332634646225457, -0.0853894603803951
0.09101524465200309, -0.7189977335204258, 0.9584178634567657, 0.030950881330631914, -0.7600129578220379, 0.15360594143632547
-0.11986071528740184, -0.2506388160180737, -0.4344985930974665, 0.0015901550697302988, 0.37365625644239236, -0.10153543108752132
0.09739980911525578, -0.4285273161515931, 0.29748488835090486, -0.34840903242039645, 0.21417967104099875, -0.24457757708791214
0.1631901091484819, -0.16217682962586713, 0.028931151610011016, -0.13266602121583987, -0.018966925038804542, 0.002673808644160459
-0.21580073689981816, 0.1864080819793724, -0.003499284696323434, -0.14386341639881012, -0.13748538889541184, 0.023003850666584894
0.1756908771579076, -0.504177037691808, -0.04935235983086781, 0.24170239345058708, -0.20935150625313473, -0.8198351398648801
0.37948412705641277, -0.19749928933503297, 0.7125494277416919, 0.3188671683840938, -0.45413960061832925, 0.23809361433806012
0.1376193048790744, -0.5403478878028178, 0.19551075545252525, 0.1624670954981407, -0.3824659995849133, -0.6183283846910824
-0.04696637284130307, 0.114118784807871, -0.2656135674479288, -0.656404502317046, -0.6687833455287687, -0.07597922640480582
0.540837244108883, 0.293213023729982, -0.05068600285155945, 0.17686144420765817, -0.01603017106019509, -0.222890191173544
-0.03057155524020361, -0.025897604889858608, 0.67184289886769, -0.4471272209822754, -0.35116312141945166, 0.2540834559066187
-0.33401757669375737, -0.14771976972068337, -0.2547242178808249, -0.536465017940883, 0.19952799306372462, 0.11870749910888849
-0.1373593309113631, -0.023810802609295238, -0.1375326078414337, -0.50900863870465, -0.04450404615322946, 0.32508096160669386
1.8282841243387888, 0.9373173037386563, 0.18946048174935434, -0.6473722531018573, -0.8871475233925604, -0.8525531649268743
0.40772493724934417, -0.4163465043884081, -0.5612666238097894, -0.7031722784602722, -0.23463044550147605, 0.33636644666280396
0.3407888592393797, 0.648535127024757, -0.3987100667653928, 0.04333464305570431, 0.17646941063151483, 0.5068575656163418
-0.1204289096210434, 0.18838702607806695, -0.05545570242593999, -0.20719359935706758, 0.0018818435667699068, 0.17827329812828904
-0.4308609239505802, -0.22501501953964184, 0.15337889927011966, -0.15910016343793484, -0.40720789104042565, -0.3319539819116155
0.20759378548175328, -0.4018857119681006, 0.020280756657500454, -0.4148269046732484, 0.1272593189711386, -0.15202059118403827
0.14528099836537045, -0.17891594148569281, -0.3620454400726939, -0.39534946039273666, -0.0031930753605729553, 0.21118159813395707
0.044915084387020826, -0.3796616758606076, 0.542926949642883, -0.19518211041519587, 0.06335153107572046, -0.39665915162375964
0.6785009998934204, -0.864045623144894, 0.7733306932631049, 0.17416770491683273, 0.21784035945079697, -0.3351529746366311
-0.31095452425496617, 0.28524156350004864, -0.13674598810430413, 0.1602002184514838, 0.5793069106770736, 0.3395110936692588
0.0448988960286158, -0.20415080034695166, 0.7065498744849641, -0.2617281343936872, -1.1564045381603834, 0.49254471953260215
1.3328135417731108, -0.5595609935845366, -1.033097460078516, 1.1587678149223086, 1.1502780204568528, 0.8582663747783029
-0.3587763013881468, -0.4478112830253666, 0.4810533617194548, 0.29783438401299334, -0.686872265883122, -0.4970867377276084
-0.27323297220315707, 0.0843350015288189, -0.3877063624097138, 0.3314774368960106, 0.018415590165363278, -0.0648712893231146
-0.3176531408860279, -0.6632601273372344, -0.7050207507115966, -0.3008980429350849, 0.10776467028274145, 0.3865887745647082
0.023656833902347945, 0.22984802991419803, -0.3993558488598582, -0.5802698078678631, 0.1677464128138782, -0.047073849253539954
-0.2788489290621412, 0.48137443578887806, 0.016251510642566254, 0.17075787837014647, 0.6091288076555277, 0.27944490191495214
0.22273427391240708, -0.5809100081734696, -0.3060966181358103, 0.21689867513927732, -0.08330600176736308, 0.11108462314065755
0.5614212619006806, 0.14023147604945652, -0.08825245480439044, 0.07358367198134212, 0.61387420721867, 0.40992304589179795
0.13667795000323446, -0.24178753910850745, -0.37010836311438283, -0.1969649793873184, -0.0343820003460216, 0.07050859203744402
0.009423935480972678, 0.10127211357778909, 0.8073508567410962, -0.3526736626045017, -0.2377070458618482, 0.536958563826193
-0.4227546614103999, 0.47974754292824484, -0.07293064268233444, 0.1667073587340955, 0.7383437006092363, 0.2955743767416305
0.6282248581600387, -0.9860343145257993, 0.4701688074398937, 0.3474948766020872, 0.20106990245908254, -0.30095241115664356
1.8282429563007916, 0.9373493537569678, 0.18952627650888848, -0.6473860969867336, -0.887066189671686, -0.8524467054356367
-0.13094779571154297, 0.23257453044311213, -0.05052310523601613, -0.2598489125886263, 0.0683943169301478, 0.549948547687769
0.018924974442632834, 0.2690053216194223, -0.2751111366807097, -0.16115566410532628, -0.22350636362883405, 0.5954986292032466
-0.5896655413500028, -0.5191738567512587, 0.5702012762229841, 0.40694214423182645, -0.721531099419402, -0.39008369199423193
-0.5195817624770375, -0.134852519084952, -0.24814504121067935, -0.06560330771311865, 0.33966134678826004, -0.18508970940560696
0.24921282332569947, -0.30808486710064237, -0.1343990340010063, -0.28762424888399146, 0.025144820162058264, -0.0881089573644761
0.08986988997903658, -0.7418548128199765, 0.9850135293526543, 0.01623299255382681, -0.7554727356105059, 0.1382471820381005
0.32763287733174573, -0.7230326636878545, 0.35821663073877413, -0.0037643502702408623, -0.4225211642070052, -0.6976954998915444
-0.7645193286087568, -0.4323830344429579, 0.5398687256699121, 0.47167402054931573, -0.9249327206102833, -0.4225274884554302
0.1688687597305687, -0.20471168220352345, -0.0909373834244102, -0.6611112809284256, 0.11978137237485599, -0.015534135820891847
-0.31803813268018244, 0.4350206643642357, -0.017025886145820686, 0.21199117666013456, 0.6968113397640997, 0.3821906967572122
-0.05345405342677721, -0.0696669898760734, 0.6109363432838644, -0.14383381246754018, -0.38736616366670396, -0.5396073892604748
0.27340657355730674, -0.5653191435553805, -0.19658972580382938, -0.24389003454946112, -0.2634822593594086, -0.024879520169638795
0.06422821907331835, 0.474014481668591, 0.1052704884127484, -0.5896937664906441, 0.46272829954056094, -0.35242306774105875
-0.4010493363851176, -0.5507519673045852, -0.03585082662130354, -0.3948750921119029, -0.19954051769738135, 0.22126220398288377
0.13348701832782775, -0.04862569930892669, -0.029056293332175513, -0.26418157434248146, -0.02646174233201902, 0.11326789369648482
0.11791253912429038, 0.208399618395252, -0.12138591589461173, -0.0680860862233513, 0.0743818167183602, 0.3289619147736902
-0.31990729238773535, -0.7844294695504971, -0.22759311419570386, 0.8154883531004383, -0.44196521021368945, -0.37478229292905446
0.1173972260548245, 0.26948557251192073, -0.24045845524497578, 0.08031254882632731, -0.6502573773148848, 0.12604087764582703
-0.35653891640788243, -0.6859773510408191, -0.3232271901500078, 0.7171169604486616, -0.36243915034931495, -0.31309240759301665
-0.23998963883483168, 0.09388905904770309, 0.1378851764184052, -0.24627853197552715, -0.21417875908992737, 0.04778661732660012
0.0668655199488165, -0.05186771631683832, -0.44331870923071914, -0.2733935258611311, 0.04765285402630163, 0.17732258208302068
0.2247305792660734, -0.34704204180635484, -0.1436143857365751, 0.25519819577155617, -0.27761041669005293, -0.8194651414962681
-0.3078616577497057, 0.026968568825109007, 0.133244569916099, 0.21100345676162635, -0.9431847752345228, 0.5033076201163813
-0.27889875594310604, 0.12159440219232272, -0.1874205253671022, -0.2665937743236659, -0.03904971355558531, 0.3572334119933746
0.5245697331723759, 0.14764922621792698, -0.12362489732914654, 0.037388483578777686, 0.5240396414364009, 0.39316114309876465
1.3327906307241222, -0.5595710736010259, -1.0331243180929406, 1.1587952875746517, 1.1502824784917238, 0.8582495727990062
-0.06109041194594622, -0.052126895948341294, -0.235955961988348, -0.6516257353108209, -0.572812982258754, -0.08392239685800384
0.5511833526475911, 0.14827690055989368, -0.04154967192440593, 0.007610179971920215, 0.6366762475828275, 0.320571813662899
-0.08772332737328649, -0.04755948753401708, -0.3939759758988595, -0.26064808029591197, 0.2384331886730385, 0.1291878658587434
-0.2648856417923013, 0.5203036174883149, 0.48828149319741365, -0.7050115739017514, 0.5462247755981118, -0.6124046178714276
0.31514342561437086, 0.050000719934025356, -0.41973768121180927, -0.2609390481463858, 0.16586778152857898, 0.1734641599695957
-0.14617053104353492, -0.33962648314288557, 0.261375705736709, -0.16116583074093932, 0.002131138046735464, 0.4385508387162659
0.2035967657333054, -0.5698610403191711, 0.08760658929662288, -0.19654934698587503, -0.8086177889867591, 0.4208457002142428
0.0844460783107585, -0.16815377423675426, -0.14579343701372383, -0.10396255782442164, -0.2670588976072807, 0.443326517559445
-0.40234565515084675, 0.05056568992516309, -0.3443859143495797, -0.10878666276134819, -0.05245967735379037, 0.29462297176847835
0.34320686213691337, -0.33053463064582456, 0.4519380493789927, 0.40537420042851247, -0.39820202612159267, 0.49361584696531624
0.13952155950763537, -0.9492450052471078, 0.04961454395706397, -0.0016694722021679592, -0.6904730154138246, -0.06518963559746896
-0.1662280313418576, -0.012970093812700798, -0.813122317342241, -0.584969176398092, 0.1367373529087572, 0.5130394125594641
0.32575567122402144, 0.28587409288371635, -0.35817731790369467, -0.4977167607807383, -0.14773928048862128, 0.7005353600331632
0.3111939195614114, -0.6943578142553289, 0.32203579655389836, 0.022925500237304892, -0.40679384479594943, -0.6744143227273786
0.10659818973001027, 0.17346616180190452, -0.34133878950916335, -0.21075922391155827, -0.10757968459194935, -0.03575250582944281
0.09740429103809438, -0.26126601661622906, -0.018028348829753148, -0.7603555862740683, -0.09000430317598775, 0.4327843339996072
-0.5145795170790776, 0.2146179965652884, 0.17103058030618729, 0.3315967196431857, 0.5375701278197854, 0.3875639084161838
-0.026515516115397347, -0.0877799718250756, 0.3802845878046609, 0.31249135897823205, 0.5864404678578082, 0.3872798616696883
-0.3396533435601374, 0.3521954263864253, -0.30052115861448897, -0.09647842711551095, -0.2887989065425166, -0.6646110287225739
-0.32033655218834267, 0.30456016259080015, -0.06910247465679048, 0.458482798030112, 0.5706003726936697, 0.2918487890893808
-0.01654665448791012, 0.04827998671114083, -0.36251434458734855, -0.09151346238302688, 0.4892830768278533, -0.23071554388176085
-0.24295625249885608, 0.03157652614190711, -0.32053374132032525, -0.11362556805631001, -0.06225863095356362, 0.2937152465776075
-0.03512914629651181, -0.43915535621722435, 0.781304904122043, 0.4062490714081006, -1.1458404904090809, 0.1502878381505551
-0.32691092030064695, -0.7700316111884009, -0.2409577943789203, 0.80028485958652, -0.4296954317727502, -0.3673721367110072
-0.07860834122164483, -0.027177665523418583, 0.45758839775827814, -0.7456548492065824, -0.16616776210190798, 0.27015732421321137
-0.014891613890296288, -0.07523493649778895, -0.6167724639634912, -0.1345687824704072, -0.05555999001013734, 0.03954782056468438
0.5921091901302573, 0.22741964043458865, -0.10913357756797851, 0.17426206254537652, 0.6775978442665826, 0.5981181231006888
0.18366463950224676, 0.07535725981394287, 0.517852350297124, -0.18355187642305174, -1.0553403608085683, 0.33445946513992275
0.19219594225711958, -0.00316111465832584, -0.3262586199937013, -0.9109609741838889, 0.29749052791083425, -0.004761033109045917
0.09125216827827061, -0.3671401831254077, 0.7610366594853277, 0.19651599584372098, -0.8481056411775671, 0.1936473564847779
0.14326764859345956, -0.2814376922950178, 0.02681575243934575, -0.16696500340274634, 0.1736229209370047, 0.04765615999453732
0.20391541463144983, -0.2008182746184505, -0.18174197983027213, 0.1254260112797439, -0.11354577186453818, -0.2125379867688385
-0.1257570422471623, 0.15239401534942693, -0.19530560757681104, -0.1192773099598398, 0.09928381746928777, 0.2705992832245281
0.07769366928249566, 0.7457559157774075, -0.14707268624907208, 0.3917751849137162, 0.03847903932982744, 0.36990456871357674
-0.15227677228206205, -0.030074902634193924, -0.5266808993766371, -0.04887842183053934, 0.612014430517765, 0.5207326468233825
0.3944407835796514, 0.22386389307222648, -0.01264827137710606, -0.4595055271629654, 0.08492310460143915, -0.010413954930647663
-0.07795035031210729, -0.5189480424693924, -0.2551982294206661, 0.1331654171967937, -1.1945957903453235, -0.10873254907241257
0.3550287336225246, 0.11627989910625262, 0.10596458624918643, 0.17558795055330975, 0.6303322091605682, 0.29280820312755995
0.25575418040660514, -0.23017791327522366, -0.08629291239983847, -0.36388434616405996, -0.4605781756326116, -0.8190108512089221
-0.11735795066319725, -0.04831831882699204, -0.19998585555345258, -0.01543848505937349, 0.04586076191445919, 0.15717130563302692
0.027563514606810023, 0.2504958908123851, -0.25751579283232706, -0.22128543502889764, -0.20232334102840446, 0.10385176509181993
-0.06364465790938094, 0.2116635997367616, -0.21826353501765033, -0.16571261666723802, 0.001328115018226059, -0.2727712338244828
0.2332408289031945, -0.31888639073517666, -0.09064346596979378, -0.2987542202514296, 0.0845962509230446, -0.0035044258166546994
0.275179233989341, -0.1752726080565242, 0.5469435421030323, 0.19126254189083597, -0.7486409195482288, 0.16892714898616495
-0.24939975278701398, -0.6359290189410823, -0.15758803871684643, -0.10966257322597149, -1.2340084058402472, -0.20042253307075367
-0.31747292419194967, -0.7866542313930068, -0.2185009110630596, 0.8200792176791681, -0.44125365124079463, -0.3773277778852966
-0.07537028309960687, 0.07821343911991449, -0.039655024277264854, -0.2184616815218732, 0.30622959670720895, -0.07041480359772113
-0.3588551419788426, 0.36069075241312076, 0.04032400181816127, 0.09008144013640318, 0.8329761321543572, 0.2196856239785476
-0.12115145724472424, -0.35782719294056153, -0.12214198006504678, -0.031465411340401386, 0.19019205684582333, -0.27042031750855744
-0.23729325213322483, 0.07534870593360839, -0.3140129882945255, -0.33137200904385417, 0.14359573295978517, 0.08508385064119366

(('euclidean', 6, 0.05, 300, 10), 31.31488503251934)