1.3017066657258376, 0.6429063261163048, 0.025560596007194222, -0.015967241589999064, 0.3990566130320828, 0.34778904835810925
1.2950484724080011, 0.5795673337463738, -0.09920180969686408, 0.2518446474840794, -0.20427630543934472, 0.47566450052842374
1.7040472953902541, 0.6142467897479443, -0.46436005737912345, 0.0691661562806579, -0.048608991543145956, -1.1417972727627965
1.3363367292226678, -0.46825960515986204, 0.25538054480356603, 0.12755016621697746, -0.21425379020430133, 0.6626732542226332
1.671906824128782, 0.023795848317687763, -0.18381761132880767, -0.9197078108375908, 0.3775729960835185, 0.8789160638248938
1.147113357622801, 0.328630634738401, -0.2573089947460569, -0.2949974969463615, 0.0921682679657919, -0.2148127778937573
1.5405638626735858, 0.7669415541895279, -0.35180177597147516, -0.5506026011081778, -0.5613814509566509, 0.20751101183103657
1.2434502853805087, -0.06013545086214185, -0.6863491130605209, -0.21644777622348302, -0.0008540699220785256, 0.15692949211664733
1.6740779001406896, 0.34140134910047865, -0.3825635961445158, -1.2285267719222837, 0.057305029615660925, -0.1645148434876651
1.0840122239672827, -0.326511854045624, -0.01824846118805341, 0.06242531641895806, -0.1787504979368077, 0.17969653279845949
1.3228060034633715, -0.35290465583293157, -0.6086899811197252, 0.30328927773877157, -0.37384976155397487, -0.1517316821543086
1.0475953671191458, 0.14800068742809355, 0.1761708961143162, -0.04999624740522852, -0.1398976179714518, 0.14981554266462896
1.3612527084444248, -0.5581515020862504, 0.35712101669097773, 0.6283628215153015, -0.13796429799708076, 0.008150669865066917
1.2001318993012569, -0.6504519610713344, 0.0521600689930369, 0.009103550809523735, 0.11959734141208583, -0.011034063229760301
1.601817248482287, 0.6952862869188291, -0.12632737652558576, 0.3748388883589393, -0.4444691618016762, -0.8534517225240722
1.5540425106342781, 0.644416464758992, -0.45267262495704597, 0.27759282925988304, -0.03437239549443612, -0.8465363542057588
1.351425019949168, -0.6047390476150319, 0.009384814689006277, 0.17070981109636538, 0.6547101902496305, -0.05258251863749063
1.3578646438803863, 0.7303363163782292, 0.06030419704721669, 0.09034791055300646, -0.1815589156923789, -0.515404962228044
1.268906916874657, -0.760824923473552, 0.08269104462974866, 0.09683492693779107, -0.1186830401908632, 0.03114038451687682
1.299024338213172, 0.47776149142478663, 0.08541850858865986, -0.06952600644869185, 0.21867263657692482, -0.6318704609427591
1.4865346838800981, 0.5980549384437244, -0.40021938074624275, 0.2953643170335629, -0.06251109350078353, -0.7751079845217075
1.0641959087454609, -0.32221966419552384, 0.07237911044088922, -0.09281413927059096, -0.03918582163925325, 0.11531995274887383
1.3168992873310337, -0.21267890942564474, -0.7889606768089936, -0.25097262749784144, -0.04871792548879993, -0.034231109980467876
1.2927203022739733, 0.1619421271978818, 0.4372395376794406, -0.5889306192736389, -0.22029566604223383, -0.24156295089434518
1.4170124706050424, 0.8136171055885665, -0.02392464789303973, -0.11485726320514218, 0.42283214710213224, 0.39166304782696765
1.1039937719996902, -0.16900734793386088, 0.20878764489340212, 0.10869283416049003, -0.06663671078298623, 0.36109818730716187
1.1289656410012827, -0.39445426412397094, -0.01767420451513171, 0.08484527440539469, -0.155852984112501, 0.2952422756397068
1.3371821415164395, 0.19342060504068836, -0.5969067056270668, 0.5661410595838251, 0.2082024256318884, -0.17459377001465148
1.750483025401905, 0.7741900805799512, -0.006882036242418743, 0.30143578624501044, -0.5617983585374657, -1.0287333230941997
1.360894383793345, -0.5905728401939161, -0.16462607256409176, -0.2797394088144528, 0.5925499600480696, 0.21630050508691212
1.141593050710206, 0.11870741482812408, -0.11633056099956349, 0.18552354756592132, -0.3642931807193232, 0.3293659597653333
1.2458739863257162, -0.18536308867247875, -0.2641069392350031, -0.6106607906857511, -0.13848995582909432, 0.2366515807307378
1.8059812353942997, 1.2050438216272625, -0.013615033883839445, 0.7130668293710388, -0.5429449356198628, -0.07745150187118219
2.0038753040434774, -0.803578571081736, -1.152723791959349, -0.8367872831609561, -0.2366463707626349, 0.5336582348745438
1.9476476002530059, 1.0205546280492261, 0.5847113690040494, 0.34494482043042884, 1.1131685218760794, -0.2275542872776792
1.7886947042478314, 0.07274858311636039, 0.5754910000978841, 1.1921099277653302, -0.23272093408162867, -0.6226245934980801
1.5133550016491928, -0.03466455176587513, 0.5129381141044128, -0.6233324491569416, 0.7965010591487977, -0.05457968092028534
1.35109304493868, -0.4038789320453022, 0.12681858848102517, -0.08482800240937466, -0.6585631160677821, 0.45315571507995883
1.2995644599072071, -0.22081665705875755, -0.6158955605821818, 0.09635399376957937, 0.1337483080188674, 0.48332985202779283
1.3970138866702562, -0.39322090106512886, -0.3096679430969894, 0.7394629697198781, -0.2076170233198743, 0.33349748960673875
1.1012895386464512, -0.22508902328925398, 0.10753552255405018, 0.22061593543004349, 0.04153577699852526, 0.31656449450196694
1.452332323534489, 0.7185321414171605, -0.1330516958873956, 0.3711590204088084, -0.3264066864639293, -0.5753065639777256
2.0533693037447684, -0.8425356489967036, -1.1848045415406534, -0.8580924781719056, -0.24024954821051792, 0.555567124265881
1.3039025147000856, 0.3110281070667501, -0.7739598725976501, 0.020353047830776617, -0.05092307370799365, 0.037443211299759055
1.6286001461815929, 0.5782181396364134, -0.614411200787388, 0.648982895510569, -0.2664668858053407, -0.6695653034536899
1.1433079751058093, 0.140444601901736, 0.38593359881284883, 0.13783084423272673, -0.33564204047154916, 0.08264850930755216
1.6296941444865152, -0.040544444356510466, 0.8212748649633651, 0.790881794003248, 0.01763840676425238, -0.5949467398901224
1.6934446105767067, -0.3927473262566855, -0.288280796275307, 0.6007018197058023, -0.6958005560558975, -0.886237710381834
1.2135931816039716, 0.4596852232959264, 0.01839264502648684, 0.22026447797237275, -0.02585848667780249, 0.4604069014885056
1.737232900243991, -0.406685998904997, 1.2029412872957848, -0.028085914774950083, 0.27384188034595736, -0.5742287987064024
1.2779440264779518, -0.525510485029173, -0.308543186657525, 0.4798713972269665, 0.09869412281081341, -0.14752518140421333
1.3574872954639976, 0.08560287320985914, 0.20938036016119196, -0.7883252369658562, -0.3167322918964784, 0.2642494016187654
1.877818091067688, -0.07413757199021695, 1.0507502001828517, -0.5068703907793818, 0.2676362944529054, -1.0431115190711215
1.260350175878796, 0.4465461638096287, -0.16940529118037523, 0.29197799099077804, 0.24676636587407547, 0.4628565114536034
1.3030271810648066, 0.30141105525253603, -0.40975251066535034, 0.6449165230342653, 0.14558872313018878, 0.044952112112850204
1.3245749522436816, -0.6912924660658717, 0.1362220393636499, -0.16528023640050804, -0.46240976454099414, -0.1300643670497788
1.1013833148186571, -0.3620734356753641, 0.020113507153026774, 0.024908877157793555, -0.2618468512967577, 0.11117218390356522
1.1740497152428393, 0.2822113070000226, 0.0064426554584607445, -0.1996099269828847, 0.3947159811050297, 0.32103453951865624
1.7598872159291745, -0.2106803126435949, -0.6646881398383417, 0.7532063699082108, 0.5011225904436172, -0.8902599671390133
1.3888067370462827, -0.8863814830520282, 0.2638192316438823, -0.2585027441396292, 0.05767739810822504, 0.05797483421457711
1.2030323328471975, -0.2980187815074931, -0.2884438717322453, -0.34856467194512186, -0.3886810455978267, -0.05197544487006015
1.5743839056375124, 0.5493631214041539, 0.3609399899857254, -0.9276233571631758, -0.008036687854642894, -0.4313438137892593
1.2704079319554296, -0.5036339652318887, -0.13894993167359407, -0.12089727950144681, -0.5122001981162597, 0.2530155409985577
1.555159560551378, -1.0982887599437963, 0.2190873735589656, 0.012275464988247798, -0.39627382180746334, -0.08426240212536094
1.5367888735257602, -0.07457707293331363, -0.11371308758389646, 0.9698709242111665, 0.45714001974674906, -0.4400011686497332
1.4264687519075994, -0.8926544489830948, -0.4132331745124629, -0.19200299838226803, 0.13544309309854083, 0.1095878437874513
1.32375756842521, -0.7118851949010333, -0.305134102516952, -0.24215995394183212, -0.15612456012778533, 0.263496541071628
1.0517952288841532, -0.23435219429314583, -0.11972928212863256, 0.120185511801362, -0.0804200333893317, 0.1269063139371781
1.6051518675906349, 0.4289598993114241, 0.9050942588340724, 0.2900094299116903, -0.04376779501813443, -0.6980610403966001
1.3978026265269123, -0.34291230123728667, -0.30787753469682255, 0.6796735381336477, -0.3709833381007335, 0.37668289638264124
1.6755991027407862, 0.6762650225803691, 1.1359066761278318, -0.03046682990621644, 0.236114510066415, 0.057755570119983404
1.446187302149587, 0.22091756965391762, 0.8958343696996752, 0.23329677150779526, 0.3648573653278082, 0.22931559421849884
1.3821036261502193, -0.7242889161624315, 0.09075163205892338, 0.24320404125022915, -0.0968975604564872, 0.555736266332885
1.3173570523537954, 0.5391360673955641, 0.06633790980109278, 0.26293318819836276, -0.27928638213802576, 0.5415038700128054
1.1706509521849429, -0.1538064167518276, -0.5292325584416877, -0.1743121845105612, 0.07657070878495324, 0.17444863424535037
1.3724911800219297, -0.4492972748642042, 0.31135416456329407, -0.023356938915639114, -0.7345540038746495, 0.21167770558775015
1.5656823340003596, -0.16935547392112532, 0.6443038866191957, -0.3529921116620857, -0.1629753904615681, 0.9254123336920707
1.4709026936449243, -0.46070294663555406, -0.3994411881599428, 0.38598667089123007, 0.5282432004101368, 0.6030983978169292
1.7227980880997267, 0.008926399729390508, -0.014592244488285236, -1.0165433790734406, 0.3861415338632384, 0.8861573858161063
1.2796923539328335, -0.49831791219303934, 0.20284083765709476, 0.372574142792315, -0.45719039526554, 0.017686839169456254
1.2811368339162312, 0.566083445464817, 0.14714490766387847, -0.027517717421768857, 0.493102002551739, 0.23516523221670224
1.6859499965233675, -0.44292851967393326, -0.832921903409765, 0.12014406154303622, 0.44754001385344927, -0.8589273313458206
1.2579433508409796, -0.742673575519778, -0.02990868690923647, 0.038379848324514305, 0.16839132225508768, -0.011586821343067471
1.3796871756443345, 0.19009486690731878, 0.24539442638581782, -0.7891167386982393, -0.33610928229195425, 0.267408942960304
1.3182111202254616, -0.13144556895252713, 0.08356201564560058, -0.6535382701023393, -0.3244003629690473, 0.42552572595232024
1.3339457825406706, -0.4371133144009149, 0.2741053375100961, 0.1158745339336275, -0.6993987873486798, 0.1030727593538969
1.7475360038271401, 0.004683240707391766, 0.7470063651798178, 0.4362675685496374, 0.18235132656557557, -1.1279451425672287
1.1978286782551766, 0.05960441038197873, -0.5398343910227196, -0.3337497335783866, 0.1663183532681523, -0.02773098781536
1.1948826288108962, 0.22227115764541006, 0.1264236111747215, 0.24308026282511055, -0.09722803144211503, 0.5420477796074035
1.4488725050810989, 0.7529626107388109, -0.29002782691080253, -0.473855353486331, -0.47030821909230075, 0.049335438108353155
2.0251200210289366, -1.0612461390233991, -0.7188993816775395, -0.10536025538366396, -0.13386151977052763, 1.1954211480118775
1.6726850545478027, 0.40805626070349044, -0.29047991098350096, -1.2221955703233967, 0.09296945281474513, -0.2111432448563821
1.4020794044974911, 0.7689292345577221, -0.21409373951080637, -0.002066953518028195, 0.3950992027296412, 0.41548851628697253
1.6269716870078303, 1.023975673382626, -0.15940699189071988, 0.5823039573710097, -0.43167803474373, -0.21834898014853982
1.3426149488633696, 0.6652283537985474, 0.11376337728864931, -0.05618034443696641, 0.4777343775827647, 0.34023178213725996
1.554022815567926, 0.8912857836721557, -0.3463692507980592, -0.5287342317281187, -0.4518833325834483, 0.12987097891106905
1.359392222825479, -0.1317592988316602, 0.01845655251858134, -0.12505410564465655, -0.8918476682733381, 0.13861913856224722
1.678870164964205, 0.47036504131068135, 0.8576455541962544, -0.16337920241208173, 0.5356111887767893, 0.7404280875030639
1.0913047848710897, -0.41979069175749806, 0.10085897378612584, -0.06012454385597286, 0.005653204548480029, 0.030040913893394458
1.5030344591718972, 0.34311806543312673, 0.8152301384812435, 0.22728306764495101, -0.049343678150088506, -0.6501461439799209
1.28129026379028, -0.0730111526751611, -0.15994107238089783, 0.5258029907214677, 0.4360744334725671, -0.3796883833545584
1.3549308908135058, 0.6168517480712458, -0.10562568609808726, 0.1648010332949658, 0.4743120016885663, 0.438227793159601
1.62175243853688, 0.5942750149402787, 0.9019019175615566, 0.06845280384469941, -0.005134678051729178, -0.677332236309435
1.2008464606359448, -0.48024182042532815, -0.21505570145853944, -0.12348012633565844, 0.06874218179278305, -0.3810226135665911
1.1253463250920843, -0.3981672864698259, 0.16742684435915473, 0.1687236849207403, -0.20066281604301792, -0.10536682388637587
1.3171926646849157, -0.1917949242636399, -0.21461086015810266, 0.7185871945519238, -0.2574337680556255, 0.26365450976482585
1.197644809708572, -0.18218736503248, -0.10436853046073526, 0.06815795731041695, 0.4434835645669671, 0.4346779093859242
2.020095663506595, -0.2021323560300266, -0.7692027003544075, 1.0352416876058974, 0.4533482598150346, -1.08213040327724
1.2712889804552605, 0.01972312300155686, 0.28087815664104165, -0.43248591629390415, 0.5701925875267724, 0.15725926587936895
1.1083282667570236, -0.3095565422167611, -0.051048631214330224, 0.13146142157365662, -0.15661768542409552, -0.29689918586080083
1.8220665252486297, 0.34804060925298214, -0.7070610582585771, -1.2935174319019187, 0.1518053465595654, -0.05125043178827616
1.5449600755177895, 0.8822028715063842, -0.4714383146627778, 0.42931669131642175, -0.27315675212645624, -0.35698488937571204
1.433958768138011, 0.14939450726356693, 0.05543184952200849, -0.043216791314304455, 0.5605132638155347, -0.8454605431439602
1.1474530800719864, -0.4860071079760577, -0.12457552585359619, 0.17473521056849076, -0.0668911761403395, 0.172973342061383
1.3540804156992967, -0.5245670286637645, -0.2385955243927795, -0.6109242233318275, 0.2982109101748702, 0.19818482978791083
1.344355668509002, 0.33193501349987764, 0.053636262450086764, 0.09969161253296338, -0.10472633823125861, -0.820565925497005
1.5417295969022164, 0.6972911581651702, -0.2078886479311567, 0.061107527036906646, -0.2325291838832643, -0.8886470331646411
1.4352482810727074, -0.3238534603520859, -0.5809853077577105, 0.28936367119724316, 0.3324222096641903, 0.6505972463998374
1.3065111178292097, -0.7472376092916905, 0.17103393499382705, -0.04824931224748226, 0.300538222019976, 0.16341184266941713
1.1303138270064896, -0.18241702251005762, -0.24182710887371286, 0.42347608304375306, 0.021651266464578205, -0.07779625045465569
1.3812145558744948, -0.2752884559328439, -0.5505595799311775, -0.09375469362668072, 0.7205782274190355, -0.02882949753814591
1.4029661820658763, -0.46484764908690995, -0.3952747421455015, 0.5781986708222352, -0.1919462120084498, 0.47416410464699815
1.0375242343885516, -0.19696028211402006, -0.03541067272026517, -0.12256876672992406, -0.14467229502410095, -0.02135633267625375
1.3359563651149506, -0.7822630631116603, -0.1230199712581787, -0.10838903037380306, -0.31742051937910176, -0.21261709297626843
1.5097888306833107, -0.27782924127289843, 0.7622269804228243, -0.4852587705487938, -0.6036666861801552, -0.14626590124513072
1.3671269140452653, -0.484950052155765, -0.6604745495048406, 0.22488486152509798, 0.32735901112282, -0.19973906070409897
1.3963038683425784, 0.4855229397700052, -0.0675072535534849, 0.22959501063440055, -0.3600488441902695, 0.7259653568265129
1.2774100895742464, -0.05810412798044598, 0.39235333294259894, -0.465928368661901, 0.5053971323975505, 0.04408858386184644
1.0971794776721662, -0.3202768770111346, 0.1705653623415651, 0.21286366534515588, -0.048353906908849636, -0.15647346455143182
1.4544052308452473, -0.04241810048705491, -0.8290150146378593, -0.5644399980708192, -0.1995496509368034, 0.2604166107507178
1.1490783397832964, 0.21140134093036378, 0.10106258285336912, 0.2938162705714445, 0.05693342215362132, 0.4194132126535261
1.7065421949877002, 0.16498967117892005, 0.9070426659127108, 0.5855388468211756, 0.034985711045549366, -0.8475013467703973
1.1969496430362128, -0.16113431295192004, 0.18967728317671437, 0.4251976631754844, 0.26435886347019655, 0.34650836632841037
1.3804497029223302, -0.34092117272222944, -0.3389494073631642, -0.03487637748889572, -0.5214224772196872, 0.6335847804986687
1.2844449685747694, -0.6537199439473761, -0.18912197172355444, 0.12561592016086776, 0.12981714892468998, 0.39249221704522824
1.645191684015088, -0.07535338105033484, 0.6184639393691432, -0.7253997316600012, 0.880758579307951, -0.12860581285355085
1.2046949100453337, -0.24513151044158704, -0.5413997308704643, -0.04133706814698422, 0.271732911042329, -0.15013051703309024
1.4460181091311597, 0.8253693782661924, -0.016761792495802726, 0.48303391816863755, -0.22733202076052186, -0.3527764021354787
1.584315507861102, 0.6925098974857407, 0.025938322646206543, -0.28151065446594364, 0.42202249450613044, -0.8788979686543548
1.3545819287092948, -0.16234746052528248, 0.4564123982307531, -0.5871076666313813, 0.48945673601163486, 0.1263325680239635
1.5845918659688123, 0.9006561856853963, 0.11961088063893892, 0.10437987554376421, -0.27863222916376534, -0.772600787319449
1.2297668806056858, -0.42245396036135036, -0.20562755076481443, -0.017381511394478737, -0.24638961435138398, 0.4801734929976178
1.0532690419464186, -0.27103987516022693, -0.048953491230709335, 0.017663026794557245, -0.16825502289358166, 0.0699634279299912
1.5783597436789232, 0.19698697937157786, 0.7329891850839578, 0.747166777099397, -0.1556421112875854, -0.5767666819148415
1.6634157851594673, 0.7733484897271271, 0.0618768680127276, 0.09300593314882875, -0.5153529152826227, -0.9438308694189925
2.0552162860703325, -1.072379965325728, -0.7671008705464357, -0.0882709780237088, -0.1404893659574712, 1.2074528642540157
1.1748747540972762, -0.12420487135295022, -0.26695117453488354, 0.4884072196440555, 0.23299732583247046, 0.028487578280005883
1.5308727896920633, 0.7652586518273796, -0.34890399820249046, -0.5399995871445321, -0.5550882275692295, 0.19103455069438238
1.1535526185179106, -0.29606336503773567, -0.06531975469052277, 0.41220769728771217, -0.17793031326474937, -0.19284469175349533
1.7590915572155774, 0.731837205265546, -0.49947399549978877, 0.22046752047726523, -0.1381513505432267, -1.1142941336260397
1.3541254494013721, 0.040094757713122965, -0.11054625583769714, 0.704748045383104, 0.42741748701894877, -0.3747961482723126
1.7778685093657562, 0.6864431248966529, 0.005641771827137095, 0.5439974619282063, -0.7283137038147877, -0.9290889911835357
1.5207723928958385, 0.014206522793190401, -0.644083264051258, -0.5810828668939412, 0.2811437427743651, 0.6935448740885328
1.773516489308066, -0.7387193082396156, -1.0423525836083023, 0.4356236804544951, -0.17848373297563486, 0.5399362731073459
1.715435348038289, 0.46623794315444606, -0.3893838895726543, -0.711453254018295, -0.9044654972020232, 0.49949697889126843
1.6460388430310235, 0.0825177531745121, 0.6599997515377014, -0.7011238866379337, -0.6703401261578523, -0.571055541954113
1.1535077950778587, -0.06840063420997862, -0.15173989442375246, -0.1900978828953744, -0.3317151749892109, -0.39585910193640644
1.761539293337579, -0.16043458855079434, 0.8291961904644675, -0.6767572448505421, -0.7872819070466409, -0.5584818106861826
1.058423938250236, -0.11976303784357588, -0.2983091891965802, -0.12455534786682257, -0.012709667854656766, 0.03541334676779036
1.187322695598208, -0.07303766966315679, 0.3221238025114541, -0.34646271859711936, 0.3929458174106166, 0.1618459370825469
1.7793462947168799, 0.2764108776468249, -0.5961076823777017, 0.29804314594420245, -0.5737883207640764, 1.1472851172929557
1.117612071613744, -0.3789387244037661, -0.2130601597817595, -0.15088634652091348, -0.1868269739332243, 0.04895453321509086
1.8235574834743424, 0.8350215861012265, -0.6544765983328578, 0.2388839921884563, 0.012934502213141172, -1.0688911850340632
1.4657784981199653, 0.4300520022850606, -0.08763200654552473, 0.5168484206720537, 0.8108312333966231, -0.1769263499526049
1.2707139592431238, 0.2599422965258713, 0.21719721724504673, 0.648466076042775, -0.2345818185822831, 0.1563088485195712
1.492533754885384, -0.870562317261258, -0.24672233891785958, 0.5336878752287771, -0.19979483271947399, 0.2901131251223629
1.6002614327437703, 0.48035981957346924, 0.43892677899133387, -0.015720781158580204, 0.9834188690517556, -0.4124009754880698
1.7571412872400722, 0.9940348879854979, -0.061736622907327746, 0.7849613375139056, -0.6803230347772391, -0.12893797401550425
1.3670297873695607, -0.2177818770564899, -0.8207316888965476, -0.29066752402260504, -0.16235722012814688, 0.19207683872155956
1.1235430773907225, -0.3584370606056141, -0.25618061421554394, 0.2504466935311489, -0.04942679011062346, 0.05546944524550354
1.1775006450941723, -0.38966679061941584, 0.25090741836792213, -0.06503488325479685, -0.37871984754228716, 0.1550960023052892
1.6312114085591376, -0.11813769077766578, -0.36625027289123013, 0.9654670391290106, 0.36605871718011607, -0.6683032956451848
1.1603967435672278, -0.5397474580594591, 0.051757592960245645, -0.06430191282426062, 0.19127526559547614, 0.10859775480764748
1.5655408825232486, 0.5843082385977179, 0.2916288557763475, 0.25264686934141906, 0.9575488510087097, -0.2091040529998466
1.4684022194896404, 0.11049652968518063, 0.05652916240682417, -0.06468626092078547, 0.552909562478709, -0.9115408670459642
1.4392701920203719, 0.2942473263231934, 0.7372803828942265, 0.38248293584942045, -0.09570534910029163, -0.5346794586730937
1.2925797722030015, -0.49375317475310887, 0.144549224515792, 0.4272590467640691, -0.4720072543503474, 0.027104435437355707
1.5810111980535122, 0.136489828037906, 0.7931324954044997, 0.4888031929677143, 0.05005463868229734, -0.781328197134321
1.2323744592984498, 0.060236643160778244, -0.194675095540252, 0.18030723384616856, -0.15008547201103803, 0.6497565809149057
2.025444190610549, -1.05706174483466, -0.7344890154889862, -0.09563220024144421, -0.1382801949905531, 1.1905056039185624
1.3327997317643654, 0.7268678803622229, -0.20624527423520467, -0.005553104773504003, 0.35199885747212534, 0.2855644650691531
1.6420901048445224, 0.025247135796075938, -0.18400713693088597, -0.8949321727593343, 0.3721665327661319, 0.8500307913069854
1.7793348836972342, 0.517670750351654, 0.9608587578276574, -0.3352961997898543, 0.44834086394764777, 0.8132447345044758
1.6901722258700322, -0.41127954741284956, -0.6228340213808754, -0.15829569663034831, -0.7206710437899742, 0.8690136868104263
1.3496643494916425, -0.0004008255987588989, 0.3686092615098506, -0.535443113926612, 0.6249533424780346, 0.09195052708280756
1.2016406560515425, -0.4023870646831425, 0.007624742050424289, 0.3301945266222574, -0.4158584695561661, -0.0002960530981928915
1.0598012575471276, -0.11266925747067534, 0.22952873674028565, 0.036055830376134336, -0.2343010378585289, 0.040048766325470025
1.4239494798984134, 0.8925054706257121, -0.12356703433843515, -0.13041979532547326, 0.3720657778924421, 0.24567260355907822
1.1647482289430882, -0.3726620036412185, -0.0689248566037281, 0.18497888127670775, -0.4047239638037711, 0.12244247063380419
1.5303178085001685, -0.05973864098940548, -0.1318051726814635, 0.9520135863829302, 0.47169138986067183, -0.43830200811030484
1.4834802366278073, 0.06990530486782537, 0.1596432877040784, -0.06005600260278835, -1.0193106225973985, -0.35740734844032235
1.552633143743358, 0.4964043402334879, 0.06260033345348329, 0.7910483523616328, 0.24555731383232982, 0.6886782399267806
1.5959079813712396, -0.06479765615340571, 0.7535332344443476, -0.354338819560596, 0.1548829081593856, -0.9084968349211703
1.718874672808597, 0.5594690463002016, -0.040727625150131175, -1.223613161326099, 0.1573695806062907, -0.3433240948925451
1.394946143832707, 0.7864879127970089, -0.20145823188765452, 0.10313063377078598, 0.29464047741914473, 0.4350599377866207
1.7536691228538115, 0.005407680101294621, 0.015011332607305788, -1.0485779203420584, 0.39475820679079593, 0.9054010782424385
1.3172133509126132, 0.4790301497982795, -0.5232534843152502, 0.22510361120283592, 0.2840629224792732, 0.31689673216144076
1.2429210765035354, -0.0795738773387437, 0.3463671743064904, -0.3937268150287032, 0.5127785049038475, 0.024248320784154242
1.8529614624966115, 0.6779008710840093, 0.7071108999645381, -0.2913873932275753, 0.9891614185077464, -0.6407525581971917
1.17666433595724, -0.5476360776305962, 0.1682885816760981, 0.048233389366348446, 0.029413426130086108, 0.23047999865940505
1.1007853217748318, -0.33403283634117137, -0.01256589314325079, 0.14857470669602688, -0.2592997472912807, 0.10335223652718856
1.8123329659905065, 0.35974876929015276, -0.5115999824592224, -1.3666631248784638, 0.1524410693943643, -0.04889462155723935
1.4494105995999327, 0.24472383056907893, 0.24766167125396352, 0.09993546502666778, 0.936581159241413, -0.30396326185879935
1.0803048040875716, -0.38896910247710526, 0.09456923148079113, 0.0013814652107991409, 0.04256815693395221, 0.07074044867748513
1.2797396229428377, 0.47567610531091037, -0.21394670164945334, 0.04727951403386564, 0.5059871267922826, 0.32777161148069567
1.7466806647129378, -0.12188036062729313, 0.9558267321875616, -0.40917767723687914, 0.2748898695971596, -0.9377862060485467
1.5516148940207424, -0.07579787132528128, -0.4487770761288989, 0.5295393798012147, -0.2825323278483916, 0.9165839443013748
1.2945819965549754, -0.02448861873458098, -0.29350296753715643, -0.2642680671057384, -0.717605899420036, 0.06635528034286083
1.1656739980296198, -0.04967139683070523, -0.4461894803397421, 0.34513732391902835, -0.1951913884103057, 0.00491112836977803
1.5948426664259614, 0.8691579190420741, -0.18792092458839324, 0.6458457460753464, -0.5211236577937842, -0.2531536570641859
1.4069743764514577, 0.15345598307626312, 0.5059593107170802, 0.20470723614389014, -0.27885769810593525, 0.7618179998038583
1.2102537942765494, -0.6058452862991319, 0.18016721375547481, -0.1084796420667378, 0.1745330341630759, -0.15157802598133896
1.2776595078061648, -0.6559228178987081, 0.20628403064849124, 0.2955861622767094, -0.17695675805268962, 0.2023390718490388
1.0511569221012855, 0.10605508543053338, -0.2228311270918631, -0.08273146104884237, 0.0647162160284055, 0.18165021131402162
1.3170826524335915, 0.6706271411595546, 0.026582708201531115, 0.23842823982697212, 0.06476171561091719, -0.47245868089228954
1.4976562399029216, -0.18097079082429549, -1.0109865134574303, -0.3869732345621141, -0.15652518469533733, 0.11782036192611747
1.7273615595126746, 0.3791780443437113, -0.2086930220108553, 0.9116354039660617, -0.9568183844985472, -0.2233129191402496
1.5118528185602094, -0.04227665371012654, -0.14536862519662064, 0.9106105316200812, 0.43222912181093387, -0.4967353805690808
1.775408369174279, 0.006177286225336276, 0.03822883254707334, -1.0717743893753575, 0.3946856140276132, 0.9198359631965779
1.5388240000050621, 0.5763641976789394, -0.34250453073737613, -0.5876612808584626, -0.6960257506397767, 0.2977862227773274
1.7514595971605682, 0.09768699765020358, 0.060791722477086155, 0.38661767754317894, -0.19064382961397763, -1.3669506352079628
1.2318999425087558, 0.1778485749527569, 0.38124930387688777, 0.09210224749655571, -0.5543843486946581, 0.1573896151663778
1.3480053854032812, -0.5660383926028263, 0.3834478402416724, -0.36722466934677717, 0.1474606730697566, -0.4394180277489976
1.1362164324985065, -0.4512628000645302, 0.27986042514056436, -0.06403865463720179, 0.049676906738702536, -0.049588958920578796
1.1956363490705824, -0.20525635900433598, -0.1456272615704432, -0.03552055149166075, -0.4374265050790637, 0.41665951335671253
1.6346818017520108, 0.16604115967586144, 0.8175078288139335, 0.48849002534196084, 0.03881247795451918, -0.8580017265699785
1.6206086146148522, 0.662705356959608, -0.3206903144417729, 0.21600317049457549, -0.22876419613265442, -0.9926536086411097
1.4675108039036262, 0.2812253443762425, 0.6903424841556516, 0.23135650103966934, 0.0641993186141413, -0.735037507029605
1.6559255079547184, -0.5679602190234824, 0.5087601898616606, 0.15432633913328525, 0.22123105119556172, 1.0430310396869509
1.259175175792878, -0.113435175752662, 0.029002651562560093, 0.27343032004458007, -0.5372872878952331, -0.4564774482751935
1.3857328311146322, 0.3557891334552589, 0.8380253213177343, -0.03096344608010163, 0.2019801273982064, 0.22277438299204608
1.2458858290369268, -0.2577260152482672, -0.2615963725911781, 0.03781277223848061, 0.25656148408646, 0.5917115319523625
1.2399987045604188, -0.49944693459259876, -0.005029494820966321, 0.024445857081085834, -0.09020598299750437, 0.528573109155625
2.0264573882875236, -0.562045526355116, 0.32835817528732647, -1.0841119003203985, -0.8288368425089215, 0.9058400287328919
1.5314868110672544, -0.8756143077663477, -0.11218574610823859, -0.636658803022675, -0.3491331084490335, -0.19732571042921837
1.1892987794344512, -0.05560499605112036, -0.1529973227817869, -0.38302211023806315, -0.15143107223833252, -0.46721963125447324
1.1684657867113575, -0.25028266983716563, -0.22631609346716006, 0.3069583886074768, -0.24106627183046833, 0.31482615199693215
1.2849218121187183, 0.08004603269376233, 0.26426130412925863, -0.6416701763409945, -0.28710748583176954, 0.28392135429062104
1.2470731323544595, -0.6569173168523429, 0.15560139166623946, -0.11527912847351685, 0.2418780231080322, -0.16626781903648144
1.127242468909458, -0.4622175035381007, 0.0007629241396546844, -0.10478299968405844, -0.21084945264417898, 0.03991255917270019
1.3410908263847272, -0.20320349566719728, 0.44625714617424994, -0.5809988913808266, -0.056421895648923547, -0.4662020606517611
1.7600036542085518, -0.4503098356529398, 1.260498321954243, 0.06159321462545742, 0.27295987176245456, -0.47715519426256037
1.305280648650894, 0.5261562149236626, -0.07370468698089531, -0.07492466552509705, 0.45247437949924657, 0.4594976156080417
1.5425008052170315, 0.5485103382083167, -0.12398391320911041, 0.735532242841325, -0.6610883953265905, -0.29159489972300295
1.8904782559079163, 0.6410125038044594, 0.7972822040986232, 0.9517051703512514, 0.7420022415790782, -0.266537118002231
1.5093708515220647, 0.20865974694058995, -0.04719420683092887, -1.0229404216987195, -0.23259645798858972, -0.363216141792651
1.106861627751077, 0.11793997531643308, -0.4148937577506643, -0.15236836110900448, 0.004719691812157151, 0.12592697102610745
1.5855892840674013, -0.48567129467822856, -0.5240545777347291, -0.25437028524807503, 0.9671658126247054, 0.05890347785172338
1.1310192198607594, -0.31287934012378593, -0.10200548984406868, 0.3625592183545732, 0.07913762437281509, 0.18219199722974855
1.3389266105757986, 0.6254709430382344, -0.19262915415922777, 0.07292238022855888, 0.5399489746680899, 0.25988845320144327
1.5404588165697364, -0.8324153440230048, 0.43154581999507663, -0.5677581951910405, -0.2645169871488022, 0.3186654376150717
1.432282782837979, -0.047753618622146284, 0.4624158742265885, -0.6076174956194119, 0.6827005851057646, 0.00678316292711789
1.0940164969281645, -0.424792988806525, -0.0640173925923661, -0.09015726075051936, -0.05656643002196551, -0.03157044481789558
1.617980206809572, 0.5008777345497903, 1.0021171352202347, -0.30174174688911654, 0.1860302821995809, 0.4869161573072455
1.5040079715512265, 0.8509544949869327, -0.29300532090727577, 0.13336588485283737, 0.4488781364595942, 0.4824792920293839
1.824030562848542, -0.4846898324038268, 1.3141981197815151, 0.10685351823990927, 0.28535043631007134, -0.5217317478072948
2.0422645232409913, -0.572791595837623, 0.33562761688460657, -1.0924099621894565, -0.8383568463074683, 0.9131848368044276
1.1696129086381333, -0.14746350034244596, -0.02548812741085657, 0.4490632106939782, -0.3201849520847924, 0.20352655045588183
1.2509206094277385, -0.27623773201097745, -0.029830161708091035, 0.05919889918973226, -0.6956323131890282, 0.01401510395863251
1.6721535760651534, 0.32981492552057146, -0.41388461709399044, -1.220459306750576, 0.06461195310758064, -0.14941083182229087
1.505985320535714, 0.27355684261754915, -0.3320705522401719, 0.2616832764796426, -0.4099257757903652, 0.9199838634533916
1.3228677361803847, -0.861801894618368, 0.010544013701306788, -0.04216672200580536, -0.0030323580192174026, -0.07333578931464785
1.6603366190986975, 0.1547463611632185, 0.032232119909208906, 0.3529561119931446, -0.17881403797698361, -1.2550616979662963
1.6359382568221326, 0.5875691893258734, 0.9187384755001806, 0.06412692855317056, -0.03529403276207835, -0.6939871106947911
1.8054804119677221, 0.3503768632657991, -0.6711559786677158, -1.2885213977767325, 0.15529129341002815, -0.04628656012571596
1.2189457084333724, -0.5786514873877796, 0.3445225638438089, 0.11652012753334177, 0.12053717138049502, 0.06472363903349292
1.4388075496078474, 0.7908561860857181, -0.2379636398570186, 0.05504523928587008, 0.4823080787924644, 0.3904304068691024
1.5105074221272583, 0.5877101343826493, 0.626526631453125, -0.5668730176902917, -0.28735138421839873, -0.373868979895279
1.5803749494968697, -1.1366862081881763, 0.3727364709493149, -0.15076397262870084, 0.1983056370531134, 0.06739486038594966
1.4496368816339462, -0.16264294865153175, -0.4557296345663389, 0.371061559544354, 0.5926859757102341, -0.6150947189256935
1.4631458371157517, -0.2791015060537543, 0.6368022509900364, -0.28865075249360805, -0.11708592959196819, 0.7485670386132166
1.1141634288703741, -0.46678641845074437, 0.06132880122104634, 0.056629620832114855, -0.12174415408399304, 0.0409976940045298
1.0092856520375608, -0.04421268685687926, 0.07772421323492198, -0.08491812303117832, 0.03777549407331113, 0.044984851174269036
1.71610925108346, 0.014460666991754167, -0.031078903572084447, -1.0048193797431935, 0.3860417752500406, 0.8860957704285951
1.333640736641143, -0.42192322646147873, 0.3489333138954094, 0.07225302957305037, -0.5502148754502575, 0.41336066383463155
1.6541563106255766, 0.02998736264451739, -0.19972792442643053, -0.8966964093158194, 0.36915587625903357, 0.8689661114289193
1.3588059365984506, -0.46824514645806703, -0.1060339898298468, -0.25647111979944986, -0.38244603141879, 0.6354639619327392
1.0690874209768877, -0.21400505498385364, -0.16954699739384665, 0.20228490425688697, 0.1251089222483143, 0.10877564474986692
1.624041116433309, 0.03702326639479074, 0.7851203215001513, 0.5613053383269667, 0.08806545751713181, -0.8348087797435149
1.7403614189872796, 1.089119065333196, -0.752482230851241, 0.37942410728587983, -0.2816673847883624, -0.23054035142920376
1.1966716024562878, -0.36196350724472115, -0.301255671637212, 0.2091052245069229, -0.18562504605763072, 0.36341259088648037
1.301953969572855, -0.08691867479504899, 0.4053261788676592, -0.4869673518451271, 0.5338192310945683, 0.03376089947673005
1.9101940748850041, 0.6517049523805007, 0.8154661733289003, 0.9619460957679016, 0.7507003163542947, -0.26503909671457865
1.5138183933430707, -0.6104497575440672, 0.41497256177513614, 0.03048479905041571, 0.2877732016391564, 0.8142802072733757
1.3556824646030694, -0.08132385164112231, 0.42894786375845345, -0.5245228132323673, 0.6098627147687623, 0.01443584764544647
1.0501574000971958, -0.06312715752782222, -0.16416919133274133, 0.23212122646378486, -0.06194526486370854, 0.11906520887491143
1.8467633501196985, -0.5657277524549321, -0.9951627309859371, 0.0379091925293201, 0.3771770271023194, -0.9779767398319174
1.23493835049487, -0.566217487352474, -0.2769712994244106, 0.29049690718486076, -0.20774799442201974, -0.014481145122338555
1.3465759143693186, -0.3020870986345244, 0.7173813385698163, 0.25469217690527657, -0.04662510505406495, 0.37460924664491213
1.505388960681263, 0.8800568787820631, 0.10689077298653245, 0.4201203680185198, 0.24444901835270405, -0.49397745849594255
1.3194356072867017, -0.5693632730097573, -0.038705950576382694, 0.3271303577184641, -0.535252390397855, 0.1474050275465348
1.1226516339058001, -0.16522152104113144, -0.38568833281705905, -0.15176089461888334, -0.07247831137355541, 0.23666130919507974
1.7702546378785813, 0.7445991710297123, -0.6265561116826085, 0.26375644632773926, 0.1580501510668924, -1.0451094120301272
1.4733307047377773, 0.15988279878014183, 0.01549554300481964, -0.06196637068057261, 0.5648752118345913, -0.906629421695454
1.5419154754901332, -0.48263282390834483, -0.4292065010748264, 0.6487856099965442, 0.627604614856874, 0.38149750975477104
1.2394062701581063, -0.42677766153502456, 0.05226367759290402, 0.22172650186863527, -0.4984591503946067, -0.23158815143131742
1.6877892963750902, 0.6484804033901974, 0.96168576629849, 0.0694153144610572, -0.038107559564683625, -0.7049792126711195
1.2644884170502046, -0.563895155041004, -0.3452365782851062, 0.014495424208741049, -0.39725499031015876, 0.06118227962482528
1.4661076541328502, -0.8298522986095341, 0.245309193766877, 0.28521664673797187, 0.026906032474700022, 0.5644180589712409
1.3728891815787558, 0.7711226869349521, 0.06076654371774086, 0.1260924933142162, 0.2187229048112639, 0.47197765603419495
1.4303328137309181, 0.6814264033725861, 0.49178456042287383, 0.016109835039793133, 0.5225150822801771, 0.25763622213601445
1.4867154241120573, -0.3246692804496848, -0.38887419724066946, 0.5283474912174357, -0.38513123481987277, -0.7254049419708724
1.4107389527645076, 0.7659362908515172, -0.16971201944612418, 0.01495620575209789, 0.32842562884850646, 0.5163688021987792
1.0827994232312124, 0.11312605130275444, 0.17592776811745248, 0.11123239122343313, -0.33597449892685904, 0.058779240257661305
1.0975474813080686, -0.2896896663785741, -0.21611298480421234, 0.04619126831283318, -0.16964094646666514, 0.2075424407963731
1.9846169794176969, 0.26227378203037727, -0.6207792444537968, 0.5880653763068457, -0.7024546041890671, -1.2826873314064293
1.735328810341392, 0.0047305117266602924, 0.0005615453567587486, -1.0315172847582545, 0.38436487990065754, 0.8941918794478052
1.3732849269667193, 0.05814069739841354, 0.7187687213380185, 0.3189956422765896, 0.4067012671192539, 0.3142268841112471
1.176129016596208, -0.3373839902395002, -0.3711093218142107, -0.32955653994401163, 0.11897960931446756, 0.09468747340456657
1.595023950263291, -0.05100896953779784, 0.5811233546606575, -0.6760614391196599, 0.8554732215580723, -0.12207223820614141
1.563728170181318, 0.8076401656087809, -0.05294034554316768, 0.5622807096922022, -0.5693808627387449, -0.3870482005935691
1.3389652770420275, -0.45315971035638425, 0.32328985126303994, 0.6534916818180134, 0.20168387288036388, 0.12341069369756598
1.4864112033030985, 0.47764686536207146, -0.19291773803320922, 0.3744860481306604, -0.3579549872711213, -0.8219993372929896
1.1163336065134413, -0.48213016961049215, 0.025997428145813538, -0.04029083761118155, 0.10629804643172622, -0.012358318730967505
1.4040459734272357, -0.9151327274102201, -0.3410945206772939, 0.07636388532875854, 0.053420621288328224, -0.09405588191366615
1.0457458071959946, -0.051299750601214396, -0.055798763828638215, 0.13784294263253263, -0.09621460904441999, 0.24409260329695562
1.4056539584811336, 0.5244347562638674, -0.44670718514495933, -0.46263443088803785, 0.4067806069038869, -0.348973995248661
1.3769087633295105, 0.12182357968330737, -0.07995858664626175, 0.5273637855696673, 0.5971120500826307, 0.48988572106566525
1.4060196657771724, -0.8796746360155654, -0.2775678101210108, 0.1277880416743071, -0.3147142361971927, -0.10317515218076374
1.3345255176624438, 0.6617487940423618, -0.21922644325135007, -0.4148915856091307, -0.34826003185030435, -0.03958004372688283
1.2238587917616277, 0.22858668508640767, 0.2886245297727568, -0.31829891406471245, 0.4947329779931891, 0.1272769899789789
1.6169215446027216, 0.3546797600843597, 0.8412987492263229, 0.7182671987860424, -0.3175471163947811, -0.4051049539990686
1.0545425242137394, -0.0837112183478571, -0.06301505959169931, 0.003674100231571234, -0.26928555708323465, 0.16897709695789392
1.1331038297943166, -0.305590443187118, -0.06648976376394788, 0.0220995475740049, -0.4033232942999373, 0.1515249540964564
1.105502657827625, -0.11361708430149575, -0.28298865741628965, 0.21504935606492273, 0.026819715729131312, -0.28666911535211903
1.2064705529827102, -0.6015097484218764, 0.26918900338190466, -0.08250425042190708, 0.08953687462096258, -0.08044063010409522
1.5030425120702535, 0.7470134477403938, -0.2115090248046415, 0.2250833288443978, -0.20637814679942187, -0.7504113472033982
1.5874265601851292, 1.0201650718496034, -0.32683987896999545, -0.5069800387953313, -0.33851040637950447, -0.027275423187014005
1.7430701951851146, 0.009739597444956566, 0.005579909650323527, -1.0389760577776415, 0.3892397446078254, 0.8984369108485268
1.0739808229877914, -0.12089976715722969, -0.0797492373848839, 0.11811475330409715, 0.3438800572332562, -0.015922464399575505
1.4935211304478448, 0.7639629868395882, -0.129845871777461, 0.25146599087575955, 0.3521308965175343, 0.6654882858220154
1.1084784752983163, -0.257021399764987, 0.1543332716183564, 0.24891682453299047, 0.24584578322177836, -0.1282421025661397
1.1432123526510152, -0.2692902276926082, -0.2361831124050279, 0.16629473769246642, 0.24116277725011048, 0.3046659958423548

(('lorentz', 6, 0.06, 300, 8), 35.05182746091278)