1.3157377018846568, -0.022849486981366532, -0.5987663043573004, -0.2103635086381833, -0.371606958455391, 0.43358021379124023, -0.042263160570595495
1.4323610479198516, 0.06837761684446664, -0.27008671924282374, 0.17677161498332541, -0.5307560473332896, 0.5553476624561131, 0.5938641472266498
2.025214432064277, -1.2863477273525383, -0.9419203435304345, -0.27404614902408203, -0.16234526923241702, -0.4570682894976349, -0.49921977837274367
1.6098649476953635, -0.005740405532255092, 0.2474450413056419, -0.3490357483259709, 0.22035130464020952, 0.4940812156366789, 1.0563646389313865
1.8641794431466805, 0.38568762025982595, 0.8905379083298947, -0.060599821509004344, -0.7392788216907635, -0.12600853655408387, -0.9834981564825056
1.2856031132484922, -0.21603488670254062, -0.032293588466282656, -0.3887927410449113, 0.27423161303953025, 0.6082384107569367, -0.09351298982496631
1.9947150151643127, -0.5485895449705621, 0.09943723693071854, 1.2963968297617678, -0.4181491603088125, 0.762941274391956, -0.48008008720253204
1.3502097612076345, 0.14864459705186794, 0.7226214575622039, 0.17260596969119757, -0.045153699504416944, 0.49638538030901286, 0.023649290937441593
1.729719756496301, 0.006698528120873419, 0.14533402811858867, -0.6919654104930361, 0.8015066301247922, 0.4417125471367884, -0.8089651440294546
1.2122218606127984, 0.008574393172110137, 0.18520029625353582, -0.4194818067078213, 0.09246355570277437, 0.05645105939365431, 0.4974011982275107
1.5467431937349954, 0.5986881145522334, 0.3246887827236617, -0.5203724633704988, 0.678720732595453, 0.33163983165888494, 0.29517779693081503
1.1809936120809135, 0.4323915799216045, -0.321193343553629, -0.24718016735801068, 0.03079549780622374, -0.2060024431372277, -0.011613141129269849
1.8231767101041456, 0.5273843862485479, 0.17559550846655542, -1.0971860162044969, 0.4795445262979264, -0.3377285585673627, 0.6834943720944633
1.316894035988578, 0.06601099324329318, 0.5879573614978729, -0.13273753804994598, -0.23203515970151062, -0.43131949466427255, 0.3558967772136607
1.5771319498515501, -0.5110666382342106, -0.7282939138244463, -0.309036195131167, 0.17874318665667918, -0.46029894192267795, -0.5970062319610535
1.7586793564823104, -0.9823206953190972, -0.7905936746632232, -0.30906820208345726, -0.038616815658768185, -0.14853411095084237, -0.6195837134243121
1.6200527160451368, 0.4749368349345495, 0.2738007000631343, 0.5096664369140609, -0.32849867331349325, -0.774731200528846, 0.5967908292477756
1.6880036172325616, -0.5966449201346214, -0.6719296145655193, 0.29734356018414587, 0.2834112731661654, -0.1484217447172306, -0.9225602892451202
1.4290884738389138, 0.1687370188272473, 0.5112758728613509, -0.2756492380171957, -0.17012126948560424, -0.5980318110875593, 0.5383798571110108
1.534135745247116, -0.8824188981846262, -0.2609520740142246, 0.5165037229977346, 0.2098859359699692, 0.2415215837616326, -0.37101551265141325
1.8282604030437253, -0.982495050097018, -0.92288073409912, -0.34628647446966343, 0.025038447930675493, -0.09259948903356403, -0.6296148162618548
1.0565065142504049, 0.04344777442142053, -0.0898627973348442, -0.17735573063835733, 0.09217412539706882, -0.18204261752879627, 0.18207785155478748
1.4684169182121278, -0.050396205139812286, 0.9087826147344795, -0.0072872629068740456, 0.47048879229493046, 0.3260005281462473, -0.01155314364243332
1.3190932001138391, -0.4917652408555254, 0.2568755293628262, -0.013205222372569117, -0.2616725580487551, -0.11922740958159682, -0.591038662151824
1.641843475739085, -0.06022733865256703, -0.8021531526864784, -0.19264990057298148, -0.6844852117794665, 0.6419693314461942, -0.3616826983530417
1.2056989583609647, 0.31702138116995643, 0.03182614244845118, -0.11682964578575246, -0.155776969730734, 0.06883289617998327, 0.5563640181582745
1.2464029016973, 0.14428521812074643, 0.1967036217352031, -0.391612772474139, 0.11136520937759364, -0.22390900324334542, 0.5273629103658375
1.4240182842763056, -0.07112888276877052, -0.1786529823529244, 0.8477029124264378, 0.0036511935793110614, 0.19822805118979983, 0.48264267181464693
1.72009992108428, -0.5303692000924147, -0.7960252366435745, -0.21524092487674787, 0.33861253373690137, -0.6260034119211532, -0.7006630411628487
1.5709313303933259, 0.8418050958905686, 0.5498296045909752, 0.3161764191193431, -0.21287179331511524, -0.5250234394714494, 0.18959243357421343
1.3817791637043972, 0.4582466152089278, -0.2498099625065359, 0.025421861790862345, -0.5500109653188434, -0.07810968940560396, 0.5724152539221395
1.2149381110365014, -0.01743756921401688, 0.5898203768272425, 0.2817289664903285, -0.21490274467194792, 0.04669351197358778, -0.012156628666932352
2.129334748063054, 0.15805504740081638, -1.0770159287808065, -0.03599036607232685, 0.7209342494440066, 0.35975130470595995, -1.3033262295922834
2.266038366331897, -0.38183998336555275, -1.4583010997101726, 1.286998785215374, 0.2713870597426366, 0.24176950163685815, -0.27206011488693366
1.922051297402134, 0.4298225592155269, -1.0702174506874758, 0.9031836376789771, 0.6435779014925059, 0.12117779286495738, -0.3457616368750183
2.136222482137464, 0.3464701941452983, 0.44895642184019485, 0.2660014296653941, 0.9781221804115071, -1.001140582763516, -1.1009454129037675
1.614619390871142, -0.026113487479974336, -0.714685809511326, 0.6515043571103292, -0.7048305879068113, -0.3413362719913, -0.2403820319244927
1.510637462751905, -0.17947842787436352, 0.6157027484863229, -0.4742779870892148, -0.33241994097968797, 0.3876600495014384, 0.6204838620994536
1.5340310441607239, 0.8948546250982302, 0.46633782113224054, -0.036192128772363746, -0.20634926740556284, 0.3557685067166439, 0.4056530047411245
1.5222956867773203, 0.21767504638976953, -0.5278480059179855, -0.09649585645560055, 0.19388179914917816, -0.23606180577120967, 0.9427361435258886
1.2196899315892116, 0.3294973991777979, 0.005491283994421919, -0.5114988145976282, -0.30298002625343967, -0.0946933633511281, 0.1290351589652691
1.4954408732195512, -0.43106318339905997, -0.7145487104510732, -0.1948471287161609, 0.18448145859007326, -0.12229361473219619, -0.6730479457434745
2.294398454367272, -0.3994987555475449, -1.477880054916553, 1.3088978497873, 0.2681022206707329, 0.24387079794207392, -0.27562693446656505
1.5775885916800536, 0.10402725619750168, 0.6889367879783, 0.4188992157454372, -0.09616861890115186, 0.8999899281154291, 0.09286210106660772
2.178702721052236, -0.9491760795949644, -1.4286802455513534, -0.27531896008683243, -0.00048071140279325636, 0.11776890614197419, -0.8455842929571544
1.3599750209738226, 0.5673220427896533, -0.26792708047028607, -0.6250852165487194, 0.18576256708630842, -0.09728908985496529, 0.14556239454381972
1.7302038048312396, 0.3394447166113021, 0.3778639558375279, 0.44612557745318976, 0.9152862859440478, -0.09536505095195084, -0.8304997365789624
1.8478822218038282, -0.8280606685574415, 0.21358667411515725, 0.47548519024766867, 0.22321765672302388, 1.0235104370254475, 0.5998992118426888
1.28316638916014, 0.2503892315786537, -0.34779980595945376, 0.08506247257264676, -0.4678587885252654, 0.3399518840634211, 0.34808297320541054
1.9044179360097522, -0.12950643082959984, 0.18253731008538018, 1.3400423139240167, -0.2540916749033103, -0.846339234673231, -0.012239578707760044
1.3252870441499804, -0.3385633790049568, 0.3141227286677825, 0.31746556257819425, 0.19575136510806662, -0.6262205572118474, 0.10877652542422699
1.3411752247919786, -0.32269898848984124, 0.34615710705967045, 0.3489091369962471, -0.6722901055759696, 0.032186977182782496, -0.006635527149235117
1.8928897208517725, -0.7683309731592868, -0.2739955213969346, 1.0008394840976202, -0.13463295851007737, -0.9239401644857698, 0.21012932029792503
1.2283565218440669, 0.3150478001230494, -0.28668061753178575, -0.0009302665117220656, -0.1765786873001186, 0.5411460612169822, 0.058300035600373945
1.3171851497373666, -0.07777139602073269, -0.1969973313297643, 0.48883338614954147, -0.2633553784280753, 0.340247168184062, 0.5157888229497526
1.5072933633177439, -0.04016640976591554, 0.42348342093881763, -0.46950906712763973, 0.3065897909456023, -0.555395063558938, 0.6841651804684432
1.1996717701727408, 0.29175796449911107, 0.2788392480247825, -0.33330951133951414, -0.23531537324318355, -0.13184394592074825, 0.30411665319707354
1.3320398112685377, 0.11760852768556712, -0.3414489441388881, 0.05758082066723411, -0.7055595001400637, 0.26829843058304853, -0.26607725300456936
1.9527371524522221, -0.46889636207024854, 0.29043602847444294, 0.4095308153958641, 1.0697916602607846, -0.09231644439957874, 1.0900795799112946
1.6067167255940562, 0.3599433627131424, 0.865804832733726, -0.2001003396983496, -0.4666611739563873, -0.5006156283128725, 0.44037779124352394
1.6652226383315898, 0.4665684382256318, 0.7613874217119913, -0.8875711057145502, -0.40163072635035363, 0.16167692582121665, -0.01844953472098742
1.6413790019812229, -0.32915039422230424, 0.3508113317758438, -0.20211142454002626, 0.004291957543245921, 0.4226664370792872, -1.1149897263039623
1.324984330490846, -0.2797484801229043, -0.027529213311180436, -0.40711371138451685, -0.3372760489454746, -0.08294921899083392, 0.6246512036400255
1.9071775131369606, -0.06847048346214396, 0.5277611259427735, -0.28095466023678767, -0.648304161876905, -0.778837665583846, 1.1172663678396382
1.7981333139550153, 0.03864093487361306, 0.2438217853008706, 0.6693429547505055, 1.0598862258820145, 0.341438247898597, 0.6959758256599242
1.4683908052931158, -0.16310996623733637, 0.8164308918504003, 0.3164573903429293, -0.196172917376114, -0.3018211836707984, 0.48299293420175976
1.388228854324903, -0.008869776238971748, 0.2798185528879186, -0.4823043083868357, 0.6617118228948281, -0.42210748576624374, 0.01214679061377131
1.1360104254507364, 0.1301598879787703, 0.1895145311758069, -0.24855601120344112, 0.08053431597981484, -0.14909097375546373, 0.38362526970505617
1.7871952550040018, -0.3867040352025296, 0.2903868768198064, 0.43229976779482815, 0.9364937248467416, -0.1706582276317536, -0.9312220540056706
1.4279860726304736, 0.16444274022350072, -0.2769580678105368, -0.0326349695368536, -0.01003359696305313, -0.16843792430384302, 0.9517667722927551
1.9487574881905898, -0.6734637221511055, -0.27714874890263175, -0.9600998461531908, -0.4418244193479167, -0.5958486953579252, -0.8917705612049185
1.6575395404659525, -0.16765000254156842, -0.19663054286719567, -0.9731052826935774, -0.4937871441944745, -0.6105458478391729, -0.3422592105058798
1.4872662771534821, 0.5528978886389398, 0.06721356824831164, -0.6037789681015172, -0.1128964652617867, -0.4108643969115636, 0.5963581418074786
1.6587830585646126, 0.5294765221678597, -0.5377384948693348, 0.10290984463470655, -0.6496365675144535, 0.44703612265137466, 0.7413459098557069
1.2204361780102757, 0.166455294393676, 0.5986283410021407, 0.09013442660625037, -0.05865762625040379, 0.2548847205679544, -0.16392088383636438
1.5156073553946607, -0.26404748927560323, 0.3321606600055007, -0.7867051935478281, 0.114918799433545, 0.40107169438061646, 0.569248609156532
2.223741408462887, 1.2579010814754141, 0.19348470187034372, -0.26647492867465605, 0.394435221317671, 0.019408417718385362, 1.4485543389777336
1.6850987467216476, 1.2170205020891887, 0.46488352758038903, -0.2637204928739238, -0.2610692979616506, 0.020241106912893055, 0.06470556678483708
2.101038523315755, 0.3464794590895232, 0.8240332617809698, -0.19004685489516324, -1.0430229090000809, -0.33818899646171724, -1.17341282219097
1.5676174760907458, 0.09921181873542738, 0.2854028682619337, -0.10142771899579124, 0.4725822408826402, -0.18543393597312893, 1.0479119562097554
1.3659189450326303, 0.16211333536048203, -0.7341265507520844, -0.0368425319628494, -0.23332521688359734, 0.47000775973599473, -0.15429424866449443
2.0541223014946217, -0.4977712373754129, -0.5479320691749229, 0.08195263671621648, 1.1509010278162766, -0.45928104450299817, 1.0626307844100567
1.3170779393296452, 0.15540378987525788, 0.4155855788504333, 0.1447304047136354, -0.389430804700432, -0.4383041711430038, 0.4160754725686526
1.4058705153714326, -0.30114684269615055, 0.4404354988057607, 0.4303467079147963, -0.7042387212265895, 0.10301944410356746, 0.005965330269553407
1.4222750870805625, -0.17636922587849377, 0.26135312393027677, 0.16954568069896334, -0.802753039604332, -0.08615836101108833, 0.49282189530817444
1.55025216538274, -0.16551485344947275, 0.36183393027120875, -0.7140693056028139, 0.27621490426555473, 0.4311150379959283, 0.6876866975136416
1.6556706995821098, 0.094129780861789, 0.2157551792659687, 0.3718274273495396, 1.106499665498275, 0.15482823332121057, -0.5470519400559656
1.2630158263691842, 0.01603865415432875, 0.40090414759466797, -0.14423251321721808, 0.10558435546788943, 0.6228817443635293, -0.11956112337823763
1.4602941579734328, 0.7407421559360922, -0.28717932887179565, -0.06689642943794163, -0.3209689835141099, 0.40948117907597864, 0.4755176785695267
1.7501646603525116, -0.6251021690879981, 0.06256288310024466, 1.0264778165307213, -0.26647881097967646, 0.6273367769280488, -0.38754406973813404
1.9979491225478496, 0.03172609630559157, -0.37862341011622386, 0.8882491406242637, 0.3736970999345324, -1.2254861495333682, -0.6457446115900215
1.7593099000924872, 0.0668613368428721, 0.1227080781936346, -0.6531885610675006, 0.7468823499506749, 0.5409811122706624, -0.893585199594403
1.4795418906355784, -0.059946642045286075, -0.6048605829298961, -0.25283155098326215, -0.5558932930173567, 0.6643587607320732, -0.07266754512823431
1.9301316353525695, -0.06316882067174254, -1.013363000152886, -0.09189846028528874, 0.49094638209535885, 0.2776127008472027, -1.1696028261926612
1.4790151153606552, 0.04513190470680948, -0.8354119378701291, -0.21292810734938622, -0.44420382637572664, 0.49337436398311724, -0.038236571563485075
2.0463939916306426, -0.843741499592425, 0.27113427224643116, 1.1893265595134868, -0.39930138657819264, 0.8562308456178199, -0.30861680736158364
1.4575844317453, -0.7802450799499339, 0.24569980226692553, -0.3098580151403106, -0.317761169256654, 0.2229163999242001, 0.45686510750654763
2.0223991059929127, -0.48923443207594736, -0.09935510643046587, -1.2309745548829027, -0.6839288640247541, -0.02058992025636006, -0.9259564712160796
1.2809716112699159, 0.11291293543605312, 0.3888061826257268, -0.2701800153570944, -0.21182046391724693, -0.43034364188848134, 0.4170226498601113
1.5558117102191376, -0.345643124796316, 0.23489029364051253, 0.39569083831017, 0.7354434531883949, -0.10895770769407144, -0.7325212375510263
1.5324329546328683, -0.08836069789376615, -0.12893903853984848, 0.3186721914916758, 0.9052939845861605, 0.38260028385925654, 0.5063849627366417
1.5107636126581763, 0.10164978679619624, -0.6571653715868709, -0.4544492080336051, -0.42606034329236936, 0.5841156664408113, -0.3331142116046472
1.8439242567731169, -0.6660194101462217, 0.32515498400915965, 0.5338660226964099, 0.8730348179576815, 0.16039492242397005, -0.8819409230233598
1.49335254659372, 0.4832571698876834, 0.8653278596299131, 0.08352575420654887, 0.12860833984952302, 0.18870395645351665, 0.4343341934991706
1.424793517718946, 0.13507071669859883, 0.022535053102811918, -0.7105066788282702, 0.31343280512250465, -0.45657639685746965, 0.4469482865525032
1.2586936303970977, -0.12905533189732663, -0.35512105168885877, 0.02349934415024589, 0.0669097494277824, -0.08148546774566331, 0.6556480763037327
1.5164628344765156, 1.0389187171396972, 0.02990294456340054, 0.22555517717488016, -0.08270637059076576, -0.31745116199959006, 0.24682487615759777
2.274952124758606, -0.5043309199919396, 0.62293528524534, 0.44747094048811537, 1.2486685250398997, -0.006116695512012696, 1.3317538742235606
1.3483201073246844, 0.05105557053419519, -0.5113877485642062, 0.13061946588823034, -0.6155043908430895, -0.3868866143109325, -0.09085515286918647
1.1345352460717197, -0.3212036115481671, 0.21179054878394626, 0.027178538976970184, 0.2927888584975682, -0.08856930696861123, 0.21174210062029436
1.9005553073240182, 0.21811256290529418, 0.1993527697477991, -0.6785874580626476, 1.1607734146860054, 0.5419417195355715, -0.6505529751214362
1.8264257569577875, -0.6223507486772245, -0.9502284337316151, -0.12375703868564825, 0.0763822901039328, 0.21204589987797737, -0.9896782267519394
1.8232411281571892, -1.3791147416899066, -0.24413761398280664, 0.5428319480731524, -0.057811004710972, 0.22500076276696546, -0.11837899617737298
1.185188703028832, 0.17636108683642224, 0.16216223198820978, -0.2812005018943459, 0.15658140159606193, -0.4525869313904056, 0.19709401639024887
1.554586485103615, 0.3331813348955825, 0.9036919023878154, 0.30711428046313105, 0.23440643218343477, -0.5817746645361743, 0.03664650451502111
1.5762283057035869, -0.7406888807261913, -0.6545350659934396, 0.24387520747212538, 0.09709472143411564, -0.48588932847970173, -0.44996506505988854
1.5721533870117887, -0.7648308930018076, -0.5013739378294829, -0.16844493570751853, 0.13949903498512434, -0.4062365756992716, -0.6499710142036285
1.9619377922519368, 1.3686217538604823, 0.6427049235913349, -0.11900929099084585, -0.3539082773668581, 0.3402131392202802, 0.5548382795812479
1.3420640212018506, 0.3080949302693714, 0.5038950765890182, -0.035521880547929575, -0.276454869157456, -0.48345744995697254, 0.37534370667258293
1.1842401463122332, -0.05097082643485255, 0.08080737017153088, 0.23046934002782118, 0.3994468418416563, 0.06086430466313703, 0.4206168187125535
1.557108422108255, 0.8321546247373405, 0.63792027733926, 0.496418910455849, 0.10649805126713392, -0.03958008490541026, -0.25655971192907245
1.5004622934295, 0.4648029325822601, -0.2939840534327758, 0.3598335162448058, -0.01944723283613089, -0.27394709408615675, 0.8625620786688617
1.113698443752117, 0.08123551435991307, 0.1792196736195415, -0.3139150860671091, 0.04196814321303378, -0.0879986225691256, 0.3058718024449762
1.5887356131606356, -0.15853081444483103, 0.14737747329963907, -0.4834185339214783, 0.2902674216672382, -0.8822986943964383, 0.6171134973458098
1.7420257728210093, -0.6290832553136797, 1.100228265244019, -0.2632596134048766, -0.5205706189617131, 0.029665873817097226, -0.295341087505815
1.4461064370652765, 0.4542140594185534, 0.23824182817491335, 0.5670377463632832, 0.655901631621052, -0.10599435349564655, 0.2553050875308861
1.6177175182254244, 0.4891255086139348, -0.12859588249339776, 0.2628101238681271, -0.6846025220548771, 0.6856452177394039, 0.5944494642792914
1.3992501753472255, 0.12970030216112627, -0.6146300046078387, 0.3770861583404499, -0.5378225876913095, -0.3166020081847627, -0.17783392262097356
1.319293179350825, 0.200206303971627, 0.5942349149336732, -0.2461875842060436, 0.20323853716500992, -0.18904219529898886, 0.4579144173268153
1.6905682948218261, 0.1537241675373513, 1.2889927838469017, 0.12959225273011885, -0.08572053149484164, 0.38054995752360465, -0.06266746607049965
1.3267773674847705, 0.35652164761699445, -0.5305788021663019, -0.062461134622301295, 0.016883900520379802, 0.42323534048086564, 0.4103681511460309
1.8771175028408944, 0.05364370045742845, -0.06365336947748701, 0.3826015924040692, 1.2064447852802542, -0.5323213616279848, -0.794595300100316
1.3239147024118147, 0.5238683008119395, -0.02910772709227264, -0.5993284331352937, 0.04077780882760493, -0.14252999690614054, -0.31031062246537056
1.6284667069399203, -0.13866895332515633, -0.034510314778735895, -0.5564774950403946, -0.5721139783374859, 0.3658932651342582, 0.9276983814813631
1.3304709971052506, 0.375334414964623, 0.2896609141430204, -0.24061744666923843, 0.3379051140535417, -0.5987050863096286, -0.12185771941511583
1.6880569145062203, 0.008047071741798924, -0.7932429199362272, 0.8046284196763561, -0.6571456921526124, -0.2412576726600767, -0.28768809870540013
1.2343304733331526, 0.3927835749673051, 0.35072100372455733, 0.29268718178303876, 0.28144019274943166, 0.24175846672799822, -0.15154548317775723
1.6283743233794732, -0.40394971391513096, -0.7777086545755665, 0.06494540320468066, 0.48141873388075734, 0.18745644520621862, -0.7826078153772686
2.0198179826940494, -1.2176935245626468, -0.3171708641551408, 0.9393749677550846, 0.20009416463425633, 0.18092728599389898, -0.7355896402212815
1.5117637871459735, 0.4285017448761782, -0.5428805986744528, 0.4867773508003117, -0.49782789948598044, -0.5089770946363972, -0.2515038145308601
1.7661264080850945, -0.7210536455403359, -0.6315530050846878, 0.2544907738996865, 0.3851798139158419, -0.45444267903083435, -0.8836162853773255
1.4261285920985305, 0.15294497079814315, -0.06468575651533266, -0.5531177529631153, -0.37727950537404886, 0.006708016007055041, 0.746955339170641
1.1447848366297457, 0.26044540993935505, 0.016689819796138382, -0.2878330387388555, 0.3469116986494181, -0.19567599358406068, 0.03061504890588528
1.7476802423894102, 0.10739429756056808, 0.3207239669361678, 0.2805475593857254, 0.8138548649756088, -0.553211975064739, -0.944922572407774
1.5984820612935233, -0.597111110629693, -0.491445702461711, -0.11970414536109691, 0.16878204897309992, -0.6305455644991378, -0.7188046827824345
2.031267727375215, 0.13065267060766453, -0.2712912450068667, 0.9222011335910891, 0.4336495240991747, -1.22017772141012, -0.7127685514583649
1.1144242806632705, 0.1441978871161154, 0.14876253821220084, 0.28448398314900813, -0.008564995937371452, 0.06956663998199025, -0.3364136452132157
1.9718815269868843, -0.5107773070021043, 0.09066798755149859, 1.2892092926735579, -0.4170500990986584, 0.7423983987181191, -0.48172175294861064
1.1104668178602626, -0.311918705971471, 0.10771870989036932, 0.16393690402865338, 0.1681838244308427, -0.18353808136953478, 0.18812926236457933
1.8709164850197075, -1.0837311013322724, -0.7640193139755803, -0.36152221715153476, 0.14062330551787908, -0.4913457169137238, -0.5918074355037488
1.4325586970621822, 0.03087530319507467, 0.11597300326769387, 0.4773599401022426, 0.7016166349738311, 0.32306594485921103, 0.4618564485638229
1.8316971920363176, -0.2343237350869331, -1.0329289220628832, -0.33530495229324647, 0.3885370599416722, -0.6592491614384649, -0.7316180134584139
1.6527431920776938, 0.39388832479865804, 0.9292287947051612, 0.09129789571308565, -0.44336393404148494, 0.14062400066889033, -0.6987588284256316
1.8034886136998638, 0.522356073367683, 0.40216082902513534, 0.426528620126962, -0.12506108159473733, 0.34878322139981266, 1.2242407061161142
2.1245396133180723, 0.07818631946240169, 0.05564354649733448, 1.544576245960098, -0.5585584933279065, 0.6623147793333684, -0.6067083539588747
1.7376159161598845, -0.6984979605804571, 0.7954237053560386, 0.3435548315927556, -0.4116855628194511, -0.013736523186152351, -0.7816694845654577
1.4350951405335977, -0.25270260960325674, -0.16618455745142116, -0.7717756038128746, 0.39713082098561925, 0.3151911168043222, 0.33959716520862
1.852542987896018, -0.7205613632335232, 1.0844961878451564, 0.18187570638063227, -0.5424977831928296, 0.02832066085414564, -0.639054133227594
1.234867497252933, 0.23919466798173383, 0.37951693235577655, -0.4535661321332502, -0.024666159293886863, 0.12906536919569553, -0.31727278401691156
1.3481863070387994, 0.3795568273305508, -0.4495522946809754, 0.09045079479044425, -0.36543756025895, -0.5677793819913933, -0.0857104679720436
1.710538821230147, 0.6828851752299991, 0.14607318741810374, 0.8812634344454429, -0.468513182821607, 0.6385147452484212, 0.18558716829609662
1.1032849706457408, -0.1689371309547003, 0.29259466740286405, -0.27175496715478686, -0.10649332327868993, 0.12140218186367033, -0.0561805394017963
2.0483743596872372, -1.331938507928588, -0.7870931795387776, -0.5213982374236424, 0.30340122889052934, -0.182242054826063, -0.6365069214208227
1.3701384441408069, -0.023184739637998573, -0.373650530517424, 0.3144609169599734, 0.6661066948299363, 0.3759043825432898, 0.23073621951643342
1.8242724924512874, 1.0464095939723896, -0.03315725365893099, -0.46713987537365537, -0.2820350959451256, 0.9047339465453881, 0.3399863414113651
1.5456289193256427, 0.49635857455351334, -0.12271840812139026, -0.10048264638660234, 0.4855715337273908, -0.637233983761393, 0.6896328641962112
1.7688901512294035, 0.9183784411937673, -0.9060791304953661, 0.4272862875212386, 0.421487978390058, -0.05713043997072433, -0.3179377935153043
1.8718650015887044, -0.05031942584573139, -1.0716064320602778, -0.14491729688290228, 0.7009473748926544, 0.24855674473479278, -0.882551694613052
1.5636318223001486, 0.1457629665733357, 1.1378574992261719, -0.08298119714491818, 0.050516440464358554, 0.3090929071584823, -0.154924916161706
1.146320421804543, 0.31378423104549313, 0.08313106194888023, -0.07988216068291137, 0.33382116003462037, -0.15437500773666205, 0.25890118353661706
1.4048547186553226, 0.023066440740817803, 0.6788396000569159, -0.3636448408865418, -0.11167728782216699, 0.15130757479373647, 0.5870759304600786
1.851446449961297, -0.1867586865163794, 0.4132640061621183, 0.5590251266523866, 1.0324579970608803, 0.1231140728257094, 0.9102484981829891
1.4046267128258325, 0.3907686510377719, 0.47030485500081404, -0.148543833732803, -0.3024700714854772, -0.5558600738673324, 0.42018516240869613
1.6853448208547896, 0.5379201722038559, -0.958941478678179, 0.5424509521900764, 0.48755199503412483, 0.2301046362791239, -0.2157595118596644
1.7568567431912299, -1.2961810388918045, -0.32202393498477094, 0.47434852491567975, -0.011269019023162461, 0.26405780131336504, -0.08888689159210784
1.3891257160174542, -0.12587922381632227, 0.22966396451907092, 0.3014969626953174, 0.5747658669196035, -0.07786656089976571, -0.6586043711645757
1.6372190459293468, -0.009843372352303224, 0.7226629268550958, -0.48276376856582676, 0.22866554974750103, 0.05451274334907911, 0.9326452580993014
1.627960049439166, 0.0469616588278848, 0.2271542863491574, 0.38480073094965067, 0.9427948618470243, -0.14936923609089836, -0.73294238014212
1.5031964515619953, 0.9751377116110583, -0.1193705124908284, 0.2066705673871263, -0.25348740469945713, 0.08061835059687816, 0.4254277728496999
2.010303594770884, 0.07212709427951107, -0.3380529664121203, 0.9018582538333644, 0.3966603014837754, -1.2236679640874613, -0.6736374590274665
1.4448565348693372, -0.08156579169114181, -0.6054545910514234, -0.22346278550038728, -0.43319696685939996, 0.6832305554510198, -0.0999146918800897
1.9232617177997435, 0.3803360399769117, 0.883836411970097, -0.09201824106278182, -0.8116494147379727, -0.17910068276119792, -1.036240389594141
2.1105279938860178, -0.4059821772867868, -0.11340882292412566, -1.372399687380393, -0.7097640248924755, 0.046152531045235, -0.941949783433137
2.0977800856380924, -0.2431582342787314, -0.1837290643284278, -0.6588220731298835, -0.8510196580425067, 0.7391912956206662, 1.2661414762118446
1.389002472073541, 0.13565897639246474, -0.5618740465092652, 0.39862422336573483, -0.5410910370894858, -0.3448067105941113, -0.15700196134640731
1.4159855157257615, 0.08297788548152125, 0.5718616806552428, -0.14127154898847924, 0.37592759023989375, 0.10099429488654964, 0.7068414378115633
1.1251989040193393, 0.29598303949077326, 0.019829775415161777, -0.3076024446335936, -0.07521990594766535, -0.04910882866396641, 0.2745622310133432
1.5821785113037692, -0.193509193510637, -0.828106313158289, -0.40342040335134915, -0.43989220322590605, 0.6302354204263292, -0.16319653889283622
1.2260994965237237, 0.10044662122041449, 0.2861594675462887, -0.30168503735318647, 0.12412676968811445, 0.06836754201740813, 0.547948695844104
1.7067621013398346, 0.061266272628982536, 0.26069605260295964, 0.624106495522086, 0.9542426601179764, 0.2521576140259523, 0.6911218764532066
1.4433029213364676, -0.9650192266318462, 0.28465469762828766, -0.23989850604454196, -0.10277540925142865, 0.05198714868326301, -0.004022003230412005
1.7949790229056646, 0.6194442084939581, -0.7609382798879947, -0.04973059003266345, 0.1424205956405637, 1.0523859605711334, 0.35908011888843233
1.826114565791884, -0.7880563749205652, -0.3081214855266703, 0.930405871321846, -0.0919469827276246, -0.859785302244585, 0.07336626283576064
1.6494104877661564, -0.09144734094919271, 0.25552814078587105, -0.3897494851800306, 0.34677510197403977, 0.5245280956146334, -1.0486230755693438
1.5053398630200199, -0.0696559407486592, -0.6735712415481696, -0.2482232883635303, -0.444191048195195, 0.7405566174884858, 0.012383205807508985
2.031988362549025, 0.35595014989025053, 0.8369414520679992, -0.1596922916303462, -0.9644263948099688, -0.2885445403566885, -1.1238004054796067
1.495079755502112, 0.06415608472393473, -0.3026747217077465, -0.5869333314504394, -0.26444558624341624, 0.8294234706421125, 0.1927951961049495
1.3588619061693459, 0.20821610060274154, -0.5257061723496379, 0.4446095798996663, -0.4099959436398461, -0.38657464409720055, -0.10756601713788162
2.1235117186584374, 1.3170953263550833, -1.0630963713631347, 0.3586360127258572, 0.37949468965749333, -0.2327576361245911, -0.5635387293624081
1.236356244655043, 0.21261477464359022, 0.28159891972533974, -0.23954785952123703, -0.29721754532190703, -0.3926779183560016, 0.32273266939916107
1.186708314136526, 0.1813471086351746, 0.28798557597572055, -0.20638957769942523, 0.10299226043437125, -0.09067406371147561, 0.48065404163292863
2.1116701854677675, 0.19183491051415416, -0.07176094004104469, -0.9119015168152809, 0.8807449814842252, 0.768546230242482, -1.104201657301029
1.5010927309003255, 0.6097703112897878, -0.6519349437891461, 0.5414615522009558, 0.4014142361147436, 0.0438268635458662, 0.014338335408120961
1.2044938558832037, 0.2709754861104098, 0.3662131247357866, -0.021334441097325435, -0.040344054959076295, -0.20612193571025575, 0.4457540000162053
1.3235361621838198, 0.03233033071053702, -0.47028998988319687, -0.20194451525559645, -0.16982732124556113, 0.6765906201765995, -0.04617655407095525
1.9481594155770297, -0.8070699155348533, -0.3111655112931812, 1.0782584593699078, -0.09273212094811353, -0.9316482618736233, 0.08905194670082049
1.5972532237702606, 0.878140508586125, -0.15936529215445755, 0.6037671538839092, -0.2083298648669927, 0.11868427265846113, 0.5767735659685459
1.6750455808926623, 0.5890726739707333, 0.5091164990335285, -0.4189400207221284, -0.8272618358177795, 0.40708873377285837, 0.4171059219584403
1.5008036159887144, 0.5673957971389326, 0.38415975266405306, -0.2020340015033496, 0.47576503269435616, 0.5869721096914708, 0.41374923073426484
1.9256370626843278, -0.09935142595429265, -1.1259078684487334, -0.17504701558664248, 0.6142154807241621, 0.30035299891660816, -0.9656214707246316
1.9514540281205663, 0.8987645912735361, -0.1685378106059447, -0.2475319411694759, -0.20597951494617125, 0.6551932891216915, 1.1995883340339566
1.4557541382035963, 0.2979626832427908, 0.6686463488452346, -0.12346648398870319, -0.41745387715589993, -0.5494284571578805, 0.30326072728210945
1.7686645143331825, 0.3548060652869122, 0.14470672169052223, -1.1453866793122853, -0.13763839533692895, -0.4128157240788586, 0.6928744402349764
1.0545270217702878, 0.14794529853194358, -0.04585456441243495, -0.08753784167108412, -0.056632494065229674, 0.2758248106859849, 0.032974958834144245
1.4862500446620734, -0.696591083284774, -0.5664514801909261, -0.1095049635994056, 0.0947242489445159, -0.01767270148226119, -0.6177025447308582
1.737456185963274, 0.014205014547632731, 1.3285908309446939, 0.04374192841658048, 0.18965787804760237, 0.44735502208330774, -0.1240509445476312
2.07408322284865, -0.14681660046383146, -1.4146871186641827, -0.5862935154586536, 0.8783911696938678, 0.30777361176074686, -0.26247043272497916
1.7313505283701234, -0.02150243682223301, 0.28595554793383887, 0.697961674239013, 0.9252923462280009, 0.3959863903649112, 0.6443757256874227
2.0823497259533306, 0.34675552166280627, 0.8176458024029942, -0.1875513030511572, -1.0298064310770363, -0.33285327409122095, -1.1579845648150815
1.8738852663186862, -0.25011545914524513, 0.062306723738182725, 1.2716010838681637, -0.415885937447096, 0.6440233615910728, -0.49021383177530437
1.9975841228506857, -0.9545137471839567, -1.1402720724062894, 0.49312353998891006, 0.019730148252965398, -0.6636432668604231, -0.3082903584314589
1.5831205340369117, 0.8586161025361172, -0.18550600251683327, -0.7415909787279317, -0.002873694979439741, 0.21023293052321898, 0.3747975638332796
1.434127296180687, 0.07572675660278154, 0.40818403625272215, -0.18138324151097154, -0.608181508349495, -0.6925883915313766, -0.04369262008707873
1.3573552953507897, 0.15766965559307997, 0.5712265005499779, -0.4382925266900576, -0.11734746632351743, -0.34049818978317, 0.4116359781905554
1.3314055046433966, -0.0681244592162553, -0.011095455598711217, -0.3547998169503021, -0.5183848847041693, 0.12347581516788818, 0.598351477801459
1.709764278497933, -0.0540451686467291, 0.08847190214382776, 0.3555374313554425, 1.0946154434523745, -0.28365823623493386, -0.7123860618943769
1.8513542033022643, -0.9340760725793137, -0.8718749011937945, -0.2993721495063585, -0.02973778833661244, -0.6168403188830984, -0.5690768264769388
1.4824973653980063, -0.32489223853798777, 0.1475775019858655, 0.38522491421767396, 0.7127112441547027, -0.0424271227821784, -0.6421127158305495
2.0187408645307934, 0.03239420278017015, 0.08947432240118014, -0.30364073577516737, 0.38255556109860284, 0.6527651588345097, 1.5497131454065387
1.3962633387212868, -0.8369722455597175, 0.3023263696976537, -0.07562760546399612, 0.34430368897926705, -0.10781987610015056, 0.14743760297181635
1.4829448671129073, -0.3538231552948045, -0.15016835503765383, -0.6988812597113644, -0.35239971895766564, -0.2445174184226063, -0.6156092704059867
1.4299442977854528, 0.8823705502320184, 0.20880480853057065, 0.07272250852850831, -0.2685538552799579, -0.12215411255707624, 0.36087684206647924
1.4771724082144597, 0.4009344273311561, 0.1565866444908962, -0.5841325959505407, -0.31466065356825856, 0.0006188905067381386, 0.7460214016745397
2.4101771812620036, 1.1863360315065647, -0.7886822736105933, 0.7546885149206303, 0.9331792487157795, 1.086527950071071, 0.39827112077734284
1.9581694094432642, -0.16415304042934495, 0.8171655535123854, -1.1929166328454042, 0.0860053665166437, -0.8163277431799264, 0.20708373493799564
1.3259097525853933, -0.3287718316014734, -0.3170119408344734, -0.48106879042451745, 0.4914754781775914, 0.22880514059255228, 0.1553127972282192
1.1435741222231692, 0.13869411239938748, -0.10814624555367267, -0.11164282888474344, -0.19575094931071013, -0.04465651414950677, 0.4733427364219982
1.3700568250287912, -0.24596596648505395, 0.37482313672743567, 0.4101750142333453, -0.7058229319297562, 0.08470264912156726, 0.04959809477588469
1.4648214502723453, 0.3608421719473665, 0.5096733589327822, -0.14559432155836266, -0.40583343076296063, -0.7202750576970188, 0.2259053708550134
1.2990001958578044, 0.11203366006015036, 0.41375185800841674, -0.4560631209253899, -0.019239904520783092, -0.40110855160011477, 0.3666163573625783
1.520613208807272, -0.4003133053054029, 0.32400405936421556, -0.06497424256208618, -0.587935829275592, -0.6784346772885793, -0.48669431373292926
1.9417962704354486, -0.055021998346825855, 0.29641632558703307, 1.3517038047411787, -0.34815317280039926, -0.85065362025626, -0.08807558323722142
1.4822176782559149, -0.02239717415319823, -0.6558682607260702, -0.31910968010948826, -0.5429965750531498, 0.5662954129534744, -0.22121861066666265
1.7949762798891549, -0.22239192631080648, -1.1569241036297035, -0.3214149427631886, 0.714649344846822, 0.13742694936155025, -0.448431574473528
2.573437909662201, 0.1920930608500593, 2.1019317261327575, 0.47872550922887885, 0.8301914641037971, -0.4781991918223213, 0.14316250284066218
1.5903089359411355, -0.2954628699071499, 0.24222200543662564, -0.6414017942605137, 0.5667800155369871, 0.1985369789630101, -0.7817032202915913
1.36565018774694, 0.22710654828043567, 0.4761070344467062, 0.03399462072838025, -0.1105423988948045, 0.754339867648049, 0.06588816780425301
1.8240771386859476, 1.0450002146286805, 0.8440542843355007, 0.6000202884056463, -0.1337460781533047, -0.3803978676816, -0.013763238758306774
1.3145949042057399, 0.5791765963889456, 0.4223765666873932, -0.36802518783312077, 0.27348921343319915, 0.04192422144038928, -0.04812212781131275
1.3777398515046593, -0.0621858121529641, -0.5748455279363744, -0.20309045810609797, -0.30198267668053236, 0.6448219013412305, -0.1249723431976227
1.7989498532550836, 0.30528923027696636, 1.1434837512393854, -0.2816950982437771, -0.6532355850003075, 0.09494218346718442, 0.5660221682656126
1.3652252118459423, 0.0838351151750357, -0.5097645861803511, 0.42594965681388003, -0.502653701973321, -0.376537704390277, -0.14517962021205244
1.1883433905803542, 0.11960061322252334, 0.4103421561820565, -0.19811250742998998, 0.04923193572578301, -0.29203327359694764, 0.32018625849560506
1.8065938744147498, -0.29198951482774416, -0.19025642074204768, -1.1393572808727224, -0.483097360670533, -0.021332944839108994, -0.7812508411323174
1.602952991496227, -0.14022513030911926, -0.7078506099125107, -0.5314686785034842, -0.4861522807236737, 0.7279594616805387, -0.0038400116785280696
2.1101914755321856, 0.03246549026901339, 0.23049905986671138, 1.5785402037664118, -0.2439626264410303, -0.9199926379137475, 0.03210680501779494
2.3962496278544174, 1.172236690719719, -0.783318911192339, 0.752050802869772, 0.9347170831703979, 1.0763757500051887, 0.3955043772507277
1.4758800530115492, 0.15507836516830287, -0.406533509005353, -0.6015713010661967, 0.13408561589399617, -0.04478414655562711, 0.7791216433593855
1.5005296390502514, -0.12246128128939568, -0.08122600416449262, -0.9429883515292191, 0.06746012155525202, 0.19274125173775086, 0.5468708067352178
1.7388003578824136, 0.02270097613038756, 0.14703952456668326, -0.67511664888313, 0.7878034975612909, 0.47414423685412366, -0.8366965583525315
1.5686422565831268, 0.6526128363646979, 0.10389007952569163, 0.6256911458364487, -0.47280861263139684, 0.5770296040860021, 0.27557450567527314
1.2418153147572277, -0.0037736205603463753, 0.35791079582594265, -0.028689718444719896, -0.16942772121063648, -0.43803326890967464, 0.43884951937302785
2.0563428336061906, -0.9766900614085589, -1.1702806708090678, 0.5437365602188353, -0.0011684704626010263, -0.7158182227280263, -0.31147870644494907
1.8354496351373943, -0.6138956852834879, 0.29694090369879933, 0.49738428777029337, 0.8910795285594425, 0.04296669674669729, -0.9276710394633695
1.8718007658580225, 0.2079524133537663, 0.20946485748140856, -0.6620246039646289, 1.127919942034122, 0.5309916606695275, -0.6512190558744064
1.6017443765058788, 0.44428608754755483, 0.6835795370816008, -0.4771033957632657, -0.2652953053130067, -0.6836067076831253, 0.36822079857590156
1.5829141341175774, -0.08834252345887836, -0.6452821574015318, -0.49645285747806217, -0.4326495041546607, 0.7935271306309714, -0.13448922516883038
1.6434824759523592, -0.7275699617700929, 0.22394399101894313, -0.004499552090267588, -0.41934574029184685, -0.10979738262215692, -0.9662293347224887
1.7487562593650205, 0.3624029354339693, 0.8731455671271984, 0.04418496934688305, -0.5460815926812663, -0.6082287325424347, 0.703085896026676
1.5423666391233164, -0.31935201066161134, -0.1737764256510245, 0.37894390351273594, 0.7529387027753005, -0.1044615264188277, 0.7247644541550868
1.8705307888419054, 1.0110496879675461, 0.32770499351257537, -0.1297073692783376, 0.2508465195856348, -0.1894437485626162, 1.119659093559456
1.2442160184327904, 0.16584961343750276, 0.29381160477961993, -0.17702903394262665, -0.26825730826285793, -0.24296817886307595, 0.5214473596721608
1.096317626072665, -0.04081536171800941, -0.08195352855746543, -0.17140006255079793, 0.05815627211634326, 0.004201435830829992, 0.40093924371466133
2.0732411043798122, 0.3470251315632339, 0.8169691350807716, -0.18163762183879484, -1.0228002301733734, -0.3249182207030783, -1.1514248914384762
1.5105012213527724, -0.337747438551196, 0.4479839257511506, -0.4925940204555647, 0.0981513887319718, 0.4702961005121581, 0.7024172716223435
1.8988856497336866, 0.3720231345542066, 0.8634460816429851, -0.09283043694068063, -0.8059475507150464, -0.1765423118391409, -1.0161152640427533
1.5937465523718188, -0.04739418127570356, 0.10089706884761179, -0.4182392674957217, -0.7036932735321917, -0.04137495263373658, 0.9250845645026029
1.095295834547438, 0.35322113209919714, 0.23814022688740805, -0.09380217294765653, 0.07323799168154455, 0.033762804377353225, 0.053800105193878386
1.6410733273393052, 0.17131036505491434, 0.18732847248101822, 0.3836682762328816, 0.9889125324701339, -0.14930728296871829, -0.6937149703701612
2.2128913014542713, -0.6554236972166995, -1.1319528781827248, -0.023566361470781602, -0.04750054026420588, 0.6789326975476689, -1.312337261619474
1.2051626583669042, 0.2649096136081228, 0.1316288685981536, -0.008650129634269902, -0.127309995013734, 0.1190823705938755, 0.578316954733479
1.380807668184838, 0.1570379986051126, -0.5382272888589478, 0.42850150697662087, -0.4669481442066124, -0.41056868865528917, -0.14852444268987935
2.576768600774551, 0.19185255830446576, 2.105458303036947, 0.47915886280233844, 0.8316959613653796, -0.4775776340793158, 0.1434662589466183
1.8660667574045635, 0.10146793639841946, 0.14330517370328671, -0.20139331547887918, 0.2343428733049513, 0.5122954428489016, 1.4468761376189572
1.4722386942248373, 0.18456465950773285, -0.6082400904880835, 0.5330059211784628, -0.5106260802757016, -0.4275799297316098, -0.18922935654485418
1.2059340072512545, 0.39963604744700276, 0.24959308737322708, -0.3155065359868088, 0.05047506996130858, 0.24832859510779326, 0.2617478788362984
2.2916558389066606, -0.5296227977587233, -0.7137028542963373, -0.041384515976898524, 1.2931152481278378, -0.5646163556932204, 1.2120903677691772
1.2078599702663457, 0.05430264908828705, 0.16727983168758245, -0.21991884877406304, 0.37494580874948363, -0.4672985584186013, 0.14379772508412478
1.5542248227708761, 0.621163960818886, -0.011900660837768315, -0.3079712553008104, -0.8341513163347822, -0.11129323759115392, 0.47601219564256064
1.5933075378062576, -0.7318723130221458, -0.4988306026905543, 0.29321948474312437, 0.4041636425088254, 0.41491794144661465, -0.5767816250435774
1.760136865679351, 0.27826263764035886, 0.762675345420524, -0.4135770788370915, -0.03700910885313359, 0.2115609311631, 1.1053525709168643
1.1972945077218122, 0.3629470201136393, 0.336778646141337, -0.28660577774872315, 0.044676034746358194, 0.24673269344169382, 0.20820158592588353
2.0491827468668773, -1.3456270855571533, -0.8687665875006707, -0.530678450353386, -0.08877385359732144, -0.23898060526219964, -0.5357892763678673
1.7418380231550912, -1.2550816486669725, -0.4167343426289375, 0.426011810318469, 0.05474882975418084, 0.30991145787156793, -0.06762864150273971
1.7462480949261452, 1.2497411677635744, 0.5486730795724997, -0.3385559237303478, -0.10324098324014268, 0.035187586642950165, -0.24488832968416974
1.5925966097131512, -0.10790733543557478, -0.13456742447742756, -1.0239572470595153, 0.13806056867779218, -0.21178445314672362, 0.6278612565484004
1.8593601340340173, -0.6307130182051939, 0.3180720945575352, 0.5045788373697506, 0.8976439711306844, 0.048856614446998986, -0.9463085482871745
1.2602818056320755, -0.08827300426245699, 0.30555821992456733, 0.08789240635780587, 0.03938674909513372, -0.04820079437636993, 0.6896031995895123
1.8781256343001398, 0.6820586746584387, 0.3491769653123781, -0.9535392255481577, -0.5138117224987379, -0.49273349787988857, 0.7240175886431655
1.558954290358666, 0.09175400492962943, -0.8247855059880578, -0.18519463248429913, -0.6093471222898883, 0.5663286680507601, 0.12377165878737396
1.7328595651370258, 0.38770402905608886, -1.2732274880507768, 0.13420517463226878, -0.2972096796227292, 0.31188301929244044, 0.16662527338304597
1.7029538486035143, -0.6888075836589265, 0.2783282506542887, 0.5035754859730988, 0.23443130896467163, 0.8511881222828186, 0.561303643177125
1.6037022776038412, -0.0959437744684583, -0.6927201991829602, -0.30263950264645123, -0.7556182203481603, 0.6361719545217237, -0.1246201980908829
1.2805401266428253, 0.6025720598196742, -0.30591451296823036, -0.3670664765637477, -0.05012541414832439, -0.057841326737061, 0.20618017601927685
1.0826315098038093, 0.09227770442102688, 0.13744197291413995, -0.21275139524375705, -0.1493978539254584, -0.04378692366956062, 0.2741994634352665
2.0846507314500453, -0.9857315710436663, -1.3999365764412106, 0.07222673182792351, 0.5685513060734808, -0.2582560530894196, -0.13826079176443332
2.1041253471176042, 0.3413346014020004, 0.8118608439436972, -0.19734378666748895, -1.0563215594865518, -0.3510768226019547, -1.1720500816086725
1.5556101010215941, -0.06427550909930098, -0.1795791354000083, -0.8928668095445261, -0.5065291134282912, -0.5345511690366924, -0.20979738988905272
1.1852781627599547, 0.03876435127985161, 0.5325158893575352, 0.10232887333441165, 0.3205371869836212, 0.055082652875169745, -0.05965811396775681
1.7730883069946524, 0.014029356200234494, -0.8429932842795747, 0.9162520068215959, -0.6689533132551955, -0.20448081730135034, -0.32276766297349513
1.8418595355057452, -0.09469606331683177, -1.057568895841022, -0.14523168596749872, 0.5575498207249672, 0.012647915188218619, -0.965874329153292
1.700310400142327, 0.7349736915873286, 0.5239198859093974, -0.8849931348867646, 0.22774521157588373, -0.48903648278947415, 0.04625657751922485
1.6231926680785764, -0.749806790287305, -0.8752151207783291, -0.010316620526205737, 0.18877601924324092, -0.26113904716545, -0.45011808145106336
1.287751248317563, 0.06991385519792098, 0.36153970082257914, -0.049922385454178674, -0.38582035660890746, -0.41763223289704876, 0.44377708483662315
1.555713896632187, -0.6231265730734916, 0.5398566717184947, 0.0721939386520856, -0.3673862565946698, -0.5430291060685786, 0.5526739904815806
1.0823583289968737, 0.18900607544023065, 0.09382396522139719, -0.13509279758970877, -0.1324451016041246, 0.06080654284828999, 0.29577713703567177
1.735480322874189, -0.5971576066796619, -0.11886252081019594, -0.5339289026340069, 0.38813905040474, 1.0776662619953212, -0.20992826692646077
1.3853918748401686, 0.48760766744764644, -0.10258251825346051, -0.4953116924272907, -0.2261783464617656, 0.15181756189271375, -0.5928636835780955
1.4762626166428128, -0.367092291160506, -0.1497427113380087, -0.1929005179511603, -0.09219001309476456, -0.6273278291189653, 0.7634932022889291
1.8170002624074553, -0.6792609477001386, 0.1370955792320084, 1.060487291079793, -0.3006365262141141, 0.6969545935286784, -0.3471858289111744
1.404598886681945, 0.21278283810954499, -0.7552200078048424, 0.3534523935272107, -0.4708804117571549, -0.08762103471285528, -0.05412793820760709
1.9537137356335017, -0.062417461099962955, 0.513637195826614, 0.2120702421563279, 0.5026413423021764, -0.5124488083230374, -1.4103376775314986
1.172557297516378, 0.2701340905129929, 0.2252497351980796, -0.16130522653813828, -0.21942601366629821, 0.24896086300100762, 0.3391637996700354
1.264331228873717, -0.09817375135652022, 0.3187807179342849, -0.3564877965872172, 0.14056318773670443, 0.2895563976893207, 0.5065468965634712
1.1451480441759805, -0.011152887460593092, 0.2309118997734703, 0.3370524442304564, 0.11877398308191363, 0.14881479498946523, 0.3287276962742074
1.384143724024485, 0.31326279357424713, 0.5112060861712654, -0.271490192293842, -0.28110102243479235, -0.5853973149637219, 0.24692890209029159
1.716251992491464, -0.8202237050858885, -0.704221766880056, -0.17922109385956717, 0.23727305233725746, -0.34702345542869406, -0.7536456049968714
2.016153475684174, -0.9536831089013051, 0.34279072596805393, 1.0734445678755744, -0.35141539792619886, 0.8482730913111104, -0.2061907462916231
2.104241564271409, 0.34563636437553813, 0.8210565763998018, -0.19370313400382255, -1.0490408088529974, -0.34511894413584776, -1.1735073729704417
1.1375674100181168, 0.36631483340231324, -0.16638785743199422, 0.2846396623777474, 0.004771399350519902, 0.05948810268487078, 0.21818982114806848
1.5277097426488317, 0.09878718327991903, -0.6461743330032527, -0.5118806759861486, -0.502378899973299, 0.6090143921004895, 0.14591766925096422
1.2914406422091202, 0.1584722895469442, 0.24116285393049278, 0.25632377475806, -0.2911804144195424, -0.47481683157677484, 0.4567351627398415
1.2457253403806747, 0.6041660934568476, 0.28038507523888273, 0.04336253550378352, 0.08736633837780376, 0.0033742391072797175, 0.3141251226987596

(('lorentz', 7, 0.07, 300, 6), 29.160646153393703)