1.7445008628488259, -1.4183267797438595, 0.17785501494675865
1.1808296651746, -0.6136972517134651, 0.13317049746733614
1.985362012263699, 1.2449920244039026, 1.1796852033107972
1.0104249230086464, 0.004752058576585772, -0.14469258093044599
1.9354061268829257, 1.5703298649898458, -0.5290188948392484
1.3802786646404914, -0.9453362259190852, -0.10727819921493328
2.1508409813518083, 1.4345623471828939, -1.2522570818755692
1.1304413250945737, -0.513530771348373, -0.11909549260958954
2.0957620271445405, -0.31592070582962894, 1.8145006426146846
1.1111862115495, -0.21443567008641684, -0.4344561429331149
1.1540020224707261, -0.48797189448811945, -0.30594786820012654
1.134752220529629, -0.48862248002506475, -0.22115757733136576
1.256836609427859, -0.16709393921752536, -0.7427771390362563
1.047956840590362, 0.16143926278857285, -0.26860920343580164
2.38926845157249, 1.257867106471516, 1.768155557674884
1.690696927541306, 0.8665681000899892, 1.0523857794098315
1.0167961067147484, -0.1103240886352452, 0.14731910296045392
1.6782112420130286, 0.7400530210062605, 1.1263722736814945
1.0719899182294768, 0.23984208738118268, -0.30271795108033694
1.3957544381184999, 0.9315932038621442, 0.28330999637385723
1.6939552071504276, 0.852047348904666, 1.06934538810273
1.1232162689325902, -0.38913399547318234, -0.33194806877270105
1.2329515662274635, -0.6926333715610656, -0.20106858845355738
1.1295448064389122, 0.23253568152781887, 0.4709550154415095
1.8276705180378288, -1.472761504522731, 0.41394815291363146
1.0101530730572996, -0.14283360223241454, -0.0027916089301052967
1.0902150455351087, -0.10151427371861352, -0.4222128583339233
1.1734156754108696, -0.5968441267864002, 0.1438104155495243
2.3922654119348423, 1.2747542914152776, 1.760095252438945
1.0089446057032951, 0.01573066067764954, 0.1331231147938723
1.0972926228682234, -0.4488653678473798, 0.0507048493564618
1.0106435719977298, -0.14621631964653473, -0.004606244604113661
2.7582883991835914, 0.6243346096108722, 2.493664209213586
3.5940832008005805, 3.425109995245217, -0.4313415986758719
2.4508304841967745, -1.6531116588313726, 1.507909780359549
3.1884586537413546, 1.0059717176258371, -2.8555716572964953
2.232212640406748, -1.8508330794037602, -0.7464517293010041
1.0269330425781786, -0.02167601147145567, -0.2326405477675046
1.1855171314091335, -0.5840906318625259, -0.25355276104782654
1.264165189644627, -0.32689913375553703, -0.7008927043842841
1.0751111405970826, -0.13644331738853618, -0.3704688728840402
1.8698347164720543, 0.8076186701448359, 1.357952116445059
3.595699824191461, 3.4264056369188194, -0.43451310334838655
1.1926418782785213, -0.6336225088068509, -0.14462768115762478
1.631499657630367, 0.5926022551656596, 1.144820378933123
1.0942111671795207, -0.35503245316946114, -0.2669270229423076
2.144033701009311, 0.8932332324413892, -1.6730256733015159
2.0104949737970337, -0.9781089863561948, -1.4440889344054928
1.2385574879757384, -0.6768550424346607, 0.275484849949221
1.3682471904526055, 0.9324839879865268, 0.05073446885689286
1.000763198852758, 0.01852219682740905, 0.03440797004607825
1.064589807166548, 0.10541068565373585, 0.34962843830689333
1.379414558362189, 0.8857471341549625, 0.34385540297896106
1.3848696558620763, -0.9083450787895753, 0.3045869031431024
1.225261199766652, -0.630801444381356, 0.3214880175372182
1.117521688762542, 0.1323777553334544, -0.4809686629579523
1.0316268507551067, -0.019222302864158575, -0.2527537581748248
1.7798820666049955, -1.472402001813238, -0.0035378070099491912
1.5230379193165575, -0.7247453615502479, 0.8912848391998539
1.0828356005513415, 0.32046827246515397, -0.264259388034909
1.0689954700377893, -0.3755784255903806, -0.041135886915988365
1.4076171701500453, 0.05727626441885847, 0.9889921775400666
1.056485557538047, -0.06021132721818941, -0.3354643488675089
1.1391604687577261, 0.4207324841029213, -0.347376957210618
1.414826600893691, -0.4846300539945739, 0.8757100098557808
1.0060715277396486, 0.09150479704994031, -0.06169919809235749
1.1125514856722543, -0.19109479633132836, -0.4486129591157933
1.0662740652733007, -0.21404176322605295, -0.3018716711941242
1.9013033947595515, 0.2643345941113257, -1.5953312575387582
1.2118745564990367, -0.30359155110586566, -0.61357323180438
1.588267571318617, 1.2028925022353838, 0.275033645520389
1.357995242145403, 0.9129752068873198, 0.10308903578270201
1.1222839590460452, -0.18040341037391783, -0.47641987181217066
1.2335184104659596, -0.6420050018653266, 0.33075254577760904
1.0584131497276026, -0.3439669689435892, -0.043876187072997695
1.150387450373785, -0.2656188475247344, -0.5028299054522607
1.056523708735188, 0.2703684821683746, 0.20770948695118732
1.5095732627856524, -0.7489810050552801, -0.8472537340039896
2.1803768653017364, 1.856270489659661, -0.5552505236032738
1.0755257010385426, -0.24384091226310184, -0.31192489977740934
1.7915496201165384, -1.452245868820353, 0.3172254369276391
2.279443750621201, -2.0476704384077338, 0.053940596188080954
1.011411696366931, 0.10608678554406432, -0.10816290251634736
1.1135447101548142, 0.193328277140312, 0.45011776100452605
1.0179326077570199, 0.145695494560984, 0.12230951230234394
1.1786831898158212, -0.2652941712548559, -0.5647238835507125
1.6674216003248143, 0.5870426874135352, -1.1981968437548396
1.2141722957027017, -0.6741720888751432, -0.14037933691856014
1.1063479457759249, -0.4169682392384157, 0.2239269179643753
1.805683929996496, 1.1906996830110848, -0.9180025707615925
3.7431558248355263, 3.5743295110469737, 0.48516396760150116
2.0763440667597575, -0.3067373667792387, 1.7936323122060962
1.7265169788988635, -1.3447487847208095, 0.41534513891216357
2.3605303243082782, 0.6113273081950577, 2.04899544514719
1.5775281945462478, -1.1810693505585914, 0.3060561937936419
1.9674615154118058, 1.2984152968736375, -1.0885874018520807
1.0080799586399327, -0.09581463805987663, -0.0839330575217147
2.0756963038606098, 1.8088243760260032, 0.19149287860058137
1.034164807541264, 0.03813186959658106, -0.26085016710350895
1.6989472130641077, 0.3298694991725908, -1.3332695700022268
1.2572945281856314, -0.5192865162414766, 0.5577912195932455
1.7683656944341541, -1.3977312012190712, 0.41649095835357614
1.8323716202340397, 0.09558933913664533, -1.5324648227227076
1.009294361244411, -0.06959947827844666, -0.11760535813954882
1.1078236571043103, -0.08865566335222132, -0.4684158714172118
1.1944855947183284, -0.39616137796297946, -0.5194728083355968
1.0345086906040262, -0.2642404993163369, 0.01962624407037393
1.6558928621120979, -0.6821748780272155, 1.1298754827777922
1.841182693073298, -1.4552758187248105, -0.5216569760939412
1.0084241176691247, -0.0013060635890143797, -0.13006727218887107
2.352379085011081, -0.4977208904515388, 2.0702563307005484
1.7558715436865364, 0.50093595759257, 1.3535686330286156
1.8896273512564628, 1.497823078962833, 0.5720293268205868
1.0273096526914993, -0.07507335990766571, -0.22300025368887616
1.0052874520013897, -0.05459101930684491, 0.08730797078438067
2.06122132120442, 1.2207826079831063, 1.326017782321814
1.9005742988668712, 1.02330021657803, 1.2510153205555303
1.4497060607123704, -0.7526306069087575, -0.7315701142134869
1.025471030085231, 0.19772751259501578, -0.11177953438377146
1.0779774761041825, -0.37291720100075126, 0.15155263173468314
1.0782798967772598, -0.1922943572303832, 0.35455664705563184
1.1283901165219776, -0.3140365529483791, -0.41790584881858533
1.1210365131161621, -0.3318789889903794, -0.38285663166042555
1.1167928438063015, 0.10271672547372623, -0.48649309376898786
1.1530480695602112, 0.1766061506149704, 0.5461960438171374
1.085487072109213, -0.4172865236169031, 0.06445262542326223
1.1989301085022783, -0.5393186831964808, 0.3828430004956329
1.940626868110733, -1.5531968121518294, -0.5946530954721987
1.017626224425108, -0.05474529048671638, -0.18046075974356718
1.2083579917965912, -0.6729123107497558, -0.0855456508544716
1.2707078577408095, -0.7810929900359963, 0.06776577780018692
1.756437211508559, 0.5425026377769097, -1.3381937699664639
1.107813100261683, -0.43851416204685145, -0.1869630840453517
1.2169190652212418, -0.27596072495354157, -0.6361899791587864
1.042127091866448, -0.06552555794119705, -0.2858938209519663
2.342816917923784, -1.963734905667819, -0.795321526913298
1.0803518977141904, -0.4067246588222466, -0.04165662973140595
1.8762013488161184, 0.6151984250522764, 1.463441969848009
1.442690173704225, 0.9840147689559341, 0.3362586382226142
1.9678226952496758, -1.5321015891147631, -0.7245625442787643
2.0864370110554997, 1.0108664300760295, 1.5268819409658203
1.154300060876493, -0.20507496664913605, -0.5388440299319752
1.0423144309931176, -0.13533912446416993, -0.26096492953226186
2.1249289154989164, 0.7080998569072446, -1.736063791619231
2.1625238598534238, 1.1550450829491852, 1.5304836819745122
3.618298443825604, 3.4512808617507984, 0.4251400262307176
1.0751677654121767, -0.3715078338413676, 0.134043474947155
2.0473816250263477, 1.3556449090258025, -1.163614368735601
1.00620975636407, -0.06889083831524201, -0.0878187121202775
2.1387232112048586, 1.2957222412086784, 1.3766774668685404
1.3255090120540511, -0.5281146577984096, 0.6914253750441732
2.792182756740841, 1.4183876201828607, 2.187341104161142
1.517119379773263, 1.06288040288733, -0.41465221769776767
1.4801509785359175, -0.5699503925352714, -0.9305930739639768
3.1549763647096594, 2.100446941640591, -2.131196496625608
1.2420976815748703, 0.1599404928406036, 0.7191840441247098
1.2680131846194223, -0.5647733676427359, -0.5374834691133971
1.2262027807243334, 0.17187546763546097, 0.6884998787808022
1.1187485919258677, -0.48651411014170415, -0.12207551994211378
1.6024874464923375, -1.1159954550667028, -0.567908584576774
1.2128686478563302, -0.28327033385275785, 0.6251466027355422
1.0421869750463306, -0.17277665923318047, -0.2372802498743681
1.9117099899565613, 1.2020293813479483, 1.0998911091903527
1.570502185348894, -0.93150743405647, 0.7738029558506374
1.0992305318564255, -0.38164973249941825, 0.25030230492043537
1.2346062727293268, -0.2405209788069621, -0.6829365324950347
2.349926069406974, -1.3395419340155164, 1.6515992064337157
2.612616245367549, 0.6625679021166233, 2.3209410635867527
1.2091708876943876, -0.6692994785614457, -0.11887995476534419
1.0679827549561374, -0.33838679203250294, -0.1614978137983684
1.0301519782683672, 0.06137266303327692, -0.23967998364993742
1.4196650633680377, -0.5116297732980298, 0.8681496801950579
1.048052376202225, 0.0835529169429147, -0.302378394290102
2.175671567408598, -1.4270367000117723, 1.3027329066426838
2.2764595756955734, 1.9091559542690941, 0.7330700799070545
1.6946036209890711, 0.4967480769994656, -1.2747245899670268
1.042517915321517, -0.0898307776889508, -0.2806671251609633
1.799917417781003, 0.5666537077886113, -1.3851376416374122
1.1062136319981422, -0.47259681564918476, 0.01899603792298946
3.599503803969989, 3.4296446416409654, 0.44041488037739485
1.7502773196023045, -1.3651314153192264, 0.4470871441036446
1.9137191077707258, 1.5572106514324344, -0.48725333299235246
2.2789678264811104, 2.0420525672206176, 0.15399891831996873
1.6096049713514484, -0.4105849674105015, -1.1925804578039232
1.93923835084415, -1.5556340574166816, -0.5836506324763564
1.0854882247760567, -0.2962725184827131, -0.30084428018392756
1.039759522584473, -0.10833659414953872, -0.2633686526015753
1.9496597362716095, -1.6010296064426708, 0.4877266514480302
1.0788085149148976, -0.2687684724932264, -0.30264057898197405
1.364395613477905, -0.43199624480366755, 0.8215562272621871
1.0787864676196166, 0.14609736190568107, 0.3774066819273479
1.2893082868795396, -0.7477403476436929, 0.3212479278095696
1.401681966308201, 0.9325094551280446, 0.30844521518483936
1.7441673210614328, -0.11056396908296519, 1.4247439252719192
1.8222722411027938, -1.4333004014145645, 0.5160679025076516
2.168250703588112, 1.843592650082436, -0.549979321586151
1.699902815974802, -1.2724390506891086, 0.5201619421300081
1.823831821562702, -1.4053152240193685, -0.5928335638980944
2.8147556749864235, -1.4718244820073978, 2.180959010167759
1.0460095383315575, 0.04473530395164448, -0.30353699422138325
1.066287527878911, -0.07575495632574245, -0.36225719965544434
2.502743273518486, -0.39427890050006226, 2.2601477920177007
1.8679195836468754, -1.125159951540381, 1.1059559911773904
1.0035532231123294, 0.03384740108766388, -0.07728793604926762
1.597314198778292, -1.2113149890190977, 0.29004938716777123
1.4197555851820856, 0.9431792661326134, 0.35513207908223615
1.081244648085626, -0.356121792091877, 0.20559002459039463
1.0192540641542727, -0.16948729181696098, 0.10076162566947003
1.1494496460300543, -0.5417147708514738, -0.1666721206439528
2.4063895660022023, 0.6550260625056257, 2.088456751001237
1.0594713271388567, -0.15986092142995312, 0.3113261614913478
1.039949988585496, 0.24962225759927903, -0.1385088707267966
1.190044426425735, -0.06591656372884404, -0.6417637754603619
1.1146678469557632, -0.4848331717624251, -0.08614641371400063
1.5179368845599681, 0.7094027602174922, 0.8949190518160988
1.172828104457689, -0.6062228467386149, -0.08955234613311487
4.025761324856801, 1.601296067210736, 3.5556441258720226
1.2249164147418352, -0.42454908023671784, 0.565843000817496
2.1870995381214247, 1.8703203345830948, -0.5341406516039849
2.4457915495519273, 1.640249717616802, -1.5137625863118753
2.3847653831027413, 1.711292547670161, 1.3261160389399311
1.0393094424983573, -0.28265272422865095, 0.016478918422287207
1.078468079064232, 0.4036021106204613, -0.014097299855064464
1.06186257664537, 0.1876622543887708, -0.30386676349622155
1.0305140428757067, -0.1712557558028027, -0.18063958223059695
1.7230154283306942, 0.5158717090621634, -1.304859588635838
2.192637103426105, 1.2921912454264106, 1.4621556868419183
1.5792786183519762, 0.44223478234706887, -1.1395390961551815
1.080557454990563, 0.3359056598603825, 0.23403376083258487
1.0208737258866616, 0.09890285589669195, 0.1800038591286103
1.6000412936141895, 1.205910710123325, 0.32544047148507277
1.0983198862968808, -0.31863160763771714, -0.3236981174634745
1.1177479490092443, -0.158252230161748, -0.473620849586677
3.8280264714030086, 3.384065744053407, -1.4838752325200497
1.1877995739262457, 0.32519177340614247, -0.5523749979211032
1.35006970399285, -0.691569986979573, -0.5868723530278238
1.072610041763561, -0.2199446427205483, -0.31955696805195505
1.1081758887398814, 0.19476913133716398, 0.43602612979337924
1.035424270048509, 0.18929086749464685, -0.1904531083721442
1.0784982257735998, 0.025267480524505344, -0.4031376655991674
1.1573922855898533, 0.4608693496758291, 0.3565898838613946
1.3477515623466827, 0.9022404053517428, -0.04895431297288872
1.6686245247595564, -1.2941942935552955, 0.33070974457666735
3.0994105131006244, 1.1575011289742518, 2.6956514361359867
3.714885516060653, 1.9552500204951389, -2.9962262522698424
1.7192068220270624, -0.15474806551865672, 1.3898651492582383
1.1474620745214572, -0.552119236489073, -0.10878217300554982
1.0812292393126537, -0.10312059044072622, 0.3980236321775078
1.0713712528221584, -0.26366556345282305, -0.27985144634756987
1.6959325904602924, -1.2718252833704082, 0.508574281659168
1.107786790592756, 0.40456145999357457, -0.25203491523927
2.062092018109549, -1.6364048044442339, -0.7578936647993181
1.015017402110349, -0.01957856224810658, -0.17284966441141564
1.9975463706734518, 1.713202012889379, 0.2347985647793848
1.845383578462776, -1.465148414007145, 0.508704901286028
1.3856197310675318, 0.9585984320113853, -0.03211051648560552
3.7760240327617836, 3.33605360864037, -1.4591448921447552
1.2244731113469518, -0.3982559996209948, -0.583717876356007
1.2570715069599638, -0.3632478310754486, -0.669536994369674
2.126192335795753, -0.313461761349312, 1.8499825872068059
1.1194632648031808, -0.32615921252477764, 0.38316859126109704
1.0578588900715264, 0.17061672830199615, -0.29992559631829435
2.5473533936091917, 1.8273889507217846, 1.4661715229509127
1.8659611601765222, 0.1287766511820137, -1.5701043358317492
2.544366840047374, -0.5537427337008841, 2.2731413509956067
1.0478738887399561, 0.1058815073380247, -0.2946672582877607
1.984742777994336, -1.616229799318952, 0.5718436242488797
1.179838176686715, 0.29468953947558346, 0.5524275504453959
1.120073395779405, 0.3997931180136741, -0.3077821871416736
1.354383918279559, -0.8305171581546509, 0.3802591854314811
1.0507687660338314, 0.29286441094661514, 0.1354453265090848
1.0447590611553308, 0.010230815199969044, -0.3023521560804755
1.2988343386218593, -0.7361157602924215, -0.38092548698189393
2.161878909497579, 1.8360329404663778, -0.5501849333204508
1.0624771850859696, -0.15085989557950205, -0.3257285077084095
1.9407702757919152, 1.5817153529392847, -0.5145539871321382
1.0354512786191077, -0.006192418652575012, -0.26855354092838946
1.1210413789585831, -0.3452345623983912, -0.3708731188195672
1.7812994353357725, 0.6253404594686752, -1.3349071084083146
1.7107993197486233, 0.3166005685824215, 1.3515170707118869
1.1508094637329656, -0.36244817578151195, -0.4393105299102333
1.9545156511075703, -1.515319331860629, -0.7238361367836693
3.712204387978599, 1.944164109965455, -3.0001145530878977
1.0590331258507804, 0.3205621064223449, 0.1370806243615187
1.888101864390049, -1.5010263445727219, -0.5584340276271058
1.0485562530623382, -0.3153591550903111, -0.004338102909740781
2.689914685637027, -2.497125696453394, 0.002066910229652112
1.034231584432073, -0.13745013024596084, -0.22526080869126952
1.009440097446918, -0.1019950668578598, 0.09255439843845356
1.4127837332677746, 0.6043101664969593, 0.7942084736732842
1.0622457991342655, -0.079670990171309, -0.34931171051586246
1.1565807499531426, -0.5319221223209858, -0.23396129369558544
1.856464838063426, 1.1825277470612536, 1.0237625810685302
2.1990040061478657, 1.8092499501905548, 0.7498221367696718
1.511232621380829, -0.7421854802935551, -0.8561452848477278
1.3157431071552514, -0.26729580674222003, -0.8122394201986144
1.8316115530420298, 0.16002753572016468, -1.5261690827193322
1.0560604477550957, -0.16574849704840558, -0.2962956379005399
1.1513659738667892, 0.10396230615378525, -0.5611019913325976
1.6358153987179977, -1.235513603819885, 0.38652057313799276
1.822756137017849, -1.5238071151419337, 0.02125584340951474
1.698892743193256, -0.8586575837141771, -1.0718879170906055
1.7763798722924877, -1.3998595121030415, 0.44262715355082927
1.0714804282263042, -0.3526300140857408, -0.15402071691144098
1.051391212424324, -0.21663991494179188, -0.24184835913667738
1.7497752597566416, 0.9280735580103486, 1.0956244477823753
2.177236202156852, 1.8564335849707065, -0.5422285722600794
1.2404941378115946, 0.7332780634948769, 0.033600409850695075
1.043425580312185, -0.25996506137124076, -0.14544795810208944
2.3684934962762467, -1.967582870770755, -0.8592898745780695
2.448495716008309, 0.8123367775605941, 2.0821239711250414
1.2163100747146953, -0.09037989549855524, -0.6864704453522658
2.049840796724729, 1.1682081525465542, 1.3554102715564902
1.0123357775815998, 0.09411346731816071, -0.12635814908859636
1.0178205601331276, 0.15560139449292631, -0.10838311059187351
1.0607063428833026, -0.32851776512646524, -0.1310496998439239
1.475177991235167, -1.0742044026147486, -0.149114074546013
1.2215636177935638, -0.6932140460772425, 0.10803683926383191
1.1179611779334848, 0.14544227407532376, -0.47820888770308634
1.6956907003041468, 1.0964397704823512, -0.8204796041356404
1.8911578933768673, -1.5474349963596425, -0.426524453839477
2.2656026145601396, 0.9125865918825735, -1.8166289988376518
1.0332690184256104, -0.25304795931474267, -0.06009654503271115
1.0560706528523764, -0.25235502952332933, -0.22716109457898823
1.0902540684737527, -0.42162785439156736, -0.10432586555947448
1.0664964777536694, 0.17606924831003246, -0.32621213475363436
1.9636307115444662, 1.0506126469346804, 1.3236535186450915
1.718441259338915, 1.108475968706816, -0.8510707306668471
2.154365254767623, 1.8273205442288614, -0.5497174543245844
1.2241104526166406, -0.7009353291564012, 0.08447523036798545
1.6570302121054428, -1.2509052703500367, 0.4254234695461806
1.02363788687815, -0.14791197117969423, 0.16111043490134772
1.0756288818200883, -0.34292132361070177, -0.19845013786495078

(('lorentz', 3, 0.06, 300, 8), 53.69263243713082)