1.4117526851383637, 0.3302227270813743, -0.4658264664490956, -0.7590433554274205, -0.3014257491511838
1.251953591427406, 0.3428864403029962, -0.23094079146572397, -0.6224460680474097, 0.09509956547652897
1.702654998004399, 0.39958439449026495, -0.7531991925470326, 0.819927676423793, -0.7069483260394542
1.366957388356625, -0.2664544659196181, 0.03575598012186556, -0.3511911624138771, -0.820341877818127
1.79839293708786, -0.19584721432291102, -0.020955413801615287, -0.22161961471060898, 1.4650278638365142
1.2568300549228257, 0.6141109453876666, -0.021823958827990524, 0.03821507800251378, -0.44783128111680115
1.9228219491458305, -0.7102618564034272, -1.2725779064062503, 0.561088162221696, 0.5084268775317573
1.410750421993937, 0.399707158599617, 0.7056075851691247, 0.17145947858241634, 0.5506092293780902
1.998480650138302, -0.2567661399862771, -0.7180277731831387, 1.3207954135906328, 0.8172708551694287
1.1172656865496415, -0.026558374097369747, 0.18272643789275345, -0.3024729511391643, -0.3502833564854835
1.295085326582205, 0.5835540344269065, 0.4298944949664603, -0.2519495449234254, -0.29735978551752545
1.2171949532163628, -0.2742519671240561, 0.2126288346921182, -0.5306366332313904, 0.2820694148508416
1.4976351305540567, 0.14607479659495876, 0.7636300158911739, 0.014433757947784615, -0.7988954897425309
1.3134428229110133, -0.27277707287819614, 0.802091419341562, 0.022697845691726344, 0.08281835779612978
1.6443010995518657, -0.1668097510358664, -0.8708349851996141, 0.5942566608090667, -0.7512696337422885
1.4967169464893952, 0.18450119993345063, -0.8385199034409072, 0.5441666510645061, -0.45484937345713394
1.5042340768985594, 0.024892384520024416, 0.9662919025223751, -0.32773104121819674, 0.4700774947149602
1.2812667115044316, -0.2529926803646173, -0.527270765800867, 0.45282609788500555, -0.30752748543392633
1.3039360632348707, -0.3042393152251608, 0.7310387437811274, -0.2593055284774213, 0.07765754353399536
1.4037836543705684, -0.1721414874525824, -0.3695257861546592, 0.8948699271220004, -0.06028568217285507
1.4948099335932166, 0.22257994119640923, -0.9138244340978182, 0.44801367529844816, -0.3861651948808165
1.2100366551914914, -0.17175862273701492, 0.4301528934349566, -0.4905140918377762, -0.09514250575106961
1.4209414526028243, 0.5092568953226769, 0.6608389571840062, 0.39225519356461364, 0.4112903622513844
1.3099706750865485, -0.5123352805203406, -0.001083985511384054, 0.5517513960216711, 0.38614110359349135
1.545067667059407, 0.504393397695799, -0.6274537053612742, -0.6970550954235787, -0.5032270240415541
1.1289649386896066, -0.45469455556219096, 0.15203119032992213, -0.19074746567015413, -0.09119547927287483
1.121735501087234, -0.0428453275938067, 0.4148698941120007, -0.174159477140461, -0.23239246929379184
1.2327798756160018, 0.1627297372554436, -0.2946063985813642, -0.10937309987356418, 0.6281001904756477
1.7128242464844718, -0.29315060959989353, -0.8341108501045946, 0.6399397279068354, -0.8617226083958954
1.5095956026837252, 0.29051075091037143, 1.0928289772998407, -0.009888918317957107, -0.010460540894999508
1.2001255932711778, 0.051901218385968326, 0.10273103833888696, -0.5482434457408205, 0.3556447119227204
1.1043185524951507, -0.1935764376227937, 0.2959657013881638, 0.27301332090835656, 0.14112284857759957
1.727673751964949, -1.0300142274054511, -0.788048203565933, 0.05217563525362148, -0.5478914276691891
2.034726634845408, -0.8331123128137577, -0.6182515351612946, -0.9066693377571857, 1.1143393127899048
1.8934987605991909, 0.1724214295240488, -1.4798598740278093, -0.3280502185945831, 0.507943121179919
2.252937561073716, -1.3480450793939462, 1.1819625367144209, 0.885375994437279, -0.27852473551978013
1.8319235841459212, -0.4768461906830324, -0.5559148828693701, -1.3483236472223938, -0.03929012504885809
1.1145888936848987, -0.3488449669026986, -0.05481029769647918, -0.04239585067420608, -0.34031458109286933
1.3885558470601005, 0.45846150604019015, 0.5835682019110174, -0.4137448531382244, 0.4540525719606978
1.378799724997009, -0.048333671845759305, 0.5483195190561655, -0.7618589346182378, -0.13292556782693415
1.1337030337847873, 0.16438342003930748, 0.4232816917254598, -0.25674207083330963, -0.11479015002720369
1.358894758187959, -0.257180400158045, -0.7805789310840565, 0.27007709449685724, -0.3133817176879769
2.0271705872003865, -0.8247453719378557, -0.6154748765105601, -0.9035998716079967, 1.1108166408061102
1.4149470340014325, 0.47023700261087137, 0.41421638049959647, 0.138568459405502, 0.7682290300351798
1.642228707276441, 0.06613305903005072, -1.2442271771086293, 0.17743009551571653, -0.33609349659842314
1.1272928567897207, -0.3571304978710782, -0.08604337625446158, -0.3027850989337612, 0.21015402381560722
1.91621289128951, -0.7159102568001329, 1.0385270519786391, 1.0137762424534849, -0.2303554676970397
1.8354317024100246, 0.5251905175407459, 0.08618104717608797, 0.8572697126997424, 1.1621729308895379
1.2714985523666014, 0.3090042081219832, -0.12166702834166242, -0.6968608365631492, 0.14424658301771326
2.118715623148989, -0.32357558652150936, -0.32330096514958123, 0.299714824539059, -1.7860297426044562
1.0955238491385162, 0.01290162775441344, 0.12987699238545697, 0.0039941267124361515, 0.42792764088484636
1.4566324716149122, -0.9754935634590163, 0.1691883227936552, 0.3759596869738445, 0.014835437768960468
1.8159501442787427, -0.05173089359001436, 0.11998888388617916, 0.575222726234133, -1.3963238607579138
1.348782088899277, 0.6678733602358241, -0.24284971111263867, -0.5604996145394373, -0.004743198968696245
1.2050171487190435, 0.2675224522306756, -0.34567029477265293, -0.3451804902993298, 0.37664378753400507
1.283824098459063, -0.4633893870805349, 0.5543451742713509, -0.1911057116818879, -0.29942382411888446
1.093188159149501, -0.17351692302737798, 0.40159791664451816, -0.0467989526660293, -0.03848636257080099
1.445095092927907, 0.16195258024368903, -0.3667248862692229, -0.866553762233156, -0.4203196691889587
1.806016309126092, 1.4102592230223268, -0.19660803582706307, 0.2690947248089827, 0.40224015468137575
1.479826753782223, -0.329907499514833, 1.0304306188636454, -0.11901447676296505, 0.07139017441233868
1.1753015046433208, 0.08417716834081275, 0.3829155319082656, 0.4597071965893349, -0.12764333110022175
1.9849556401232398, -0.7829273649707146, -0.17076197521653197, 1.2868268925674518, 0.8012431159282547
1.1565885747105098, -0.4741261787210841, 0.14542230441088036, -0.30037570571379313, -0.0390933063196391
1.4998199618205552, -0.6579749247705919, 0.7964106698047101, -0.28219952947314686, 0.3203472909747999
1.4826381703613853, 0.6837286492297356, -0.5256240839666693, 0.5276652266883103, 0.4195471479264419
1.4374338841928653, -0.2782939160312479, 0.7665955021834235, -0.08249236901068671, 0.627929146331758
1.2439636655526218, 0.13778443507756885, 0.5867108427782555, -0.07795582914202068, -0.42208331681633626
1.0957514664687915, 0.013402867921207281, 0.36226520196834106, -0.13879854497126584, -0.22358561393052598
1.8415070634699615, -0.5871841934357654, 0.5848706416518472, 1.3007146098789673, 0.1114936050637574
1.4023779280946442, -0.18997804504857277, 0.5295841125165492, -0.8047663500052443, -0.04963854627046607
1.7743255881244278, 0.771804319664401, -0.5107619675700955, -0.2336809957696306, 1.1122341432992002
1.6260128976964274, 0.7535446659243615, 0.09602814611821647, -0.3164566462465774, 0.983220303966279
1.2721355560212295, 0.05315348878309521, 0.6346641478942846, -0.31533808693868615, -0.336551466832488
1.3994604035958822, 0.3320563715725369, -0.1992774726739446, -0.8360629109993354, 0.3309309370047376
1.225405599017481, 0.3027451297995052, 0.44780104416937466, 0.014076870855750209, 0.45742795611309145
1.1922067436708046, -0.022110427879092592, -0.05570842721916344, -0.2423851975928748, -0.599177799787156
1.6802696148457519, -1.1059417926120352, 0.3753696549277253, -0.34231548053865685, -0.5849072267214678
1.7831972324529124, 0.7605269870368493, 1.116767621399674, -0.5932854254830405, 0.04726050697041398
1.889569393612445, -0.28772340339046687, -0.25439623327775823, -0.22417223726162686, 1.5403626524145262
1.08945929499958, -0.295773698422285, 0.018480544199974313, -0.0692699896137884, -0.3070824202190082
1.2978580243194704, 0.30500290566904037, -0.49587148090109007, -0.5660200144211515, -0.15856070297372227
1.7496849568375574, 1.279837795951912, 0.36085237436753004, -0.06641937241001121, 0.5373887746488322
1.3105287883570593, -0.24796489006404593, 0.738642119703336, -0.09996406133274123, 0.31688187680928354
1.4650823193622418, -0.9869500724750382, 0.12432267166011778, 0.39447652555677887, 0.03644037658017957
1.3253141122132246, -0.8101700618249695, 0.277283066306622, 0.14546201009147197, -0.045131715165707284
1.2611124150101958, 0.07369595714480569, -0.015546691180473434, -0.2492443537597958, -0.722916995031629
1.9127884223219749, -0.2813803627347346, 1.0169156152820369, 1.2423911459346841, -0.04394896966844172
1.2336235294444284, 0.549790208680767, 0.38309668792349316, 0.1457893660652556, 0.22702450810876715
1.2070911480262425, 0.08157317588079849, -0.07021792097165587, -0.5963626656648144, 0.299726327164644
1.7796634488987961, -0.7251514203923172, -1.0029146234650446, 0.6686137991779016, 0.43413736816614074
2.245659763464579, 1.3075779473857954, -0.5881725833434368, 0.15486069784032308, -1.4011776693987295
1.9871544330413664, -0.28938361397204737, -0.6359544104455678, 1.328637009761493, 0.8338618283908312
1.4930997783433548, 0.650890959515515, -0.50959876866714, -0.6092037009455726, -0.41817203712957596
1.5521759829263162, -0.7575556943196196, -0.8105726734596276, -0.03575307885739544, -0.4207770316568189
1.485377666478592, 0.48498295332220487, -0.5829757316094346, -0.693233063426268, -0.38820814415379795
1.9220178996275057, -0.9700319322742977, -1.0880266003983126, 0.5538270006622263, 0.5125081726371723
1.1648776412875241, -0.47735381849871295, -0.27130747187418697, -0.2355110226144808, 0.0002550854802787845
1.7673483235725669, 0.9495433058891936, -0.32104697243210967, -0.569821295019526, 0.8911341876004033
1.120243917420217, -0.24190390643951862, 0.4326757988306632, -0.09396271397007727, -0.01978878611535615
1.7719338297538894, -0.5182010429048022, 0.6978330663861579, 1.1637475328844282, 0.17302562620074502
1.2885047276112296, 0.5723262938588177, -0.448737626820305, 0.2343431104277948, 0.276414354375865
1.5095294514621758, 0.7527766516173293, -0.5210883429387706, -0.5078240880371397, -0.4273033022035666
1.9583738865723344, -0.5028014562676486, 0.4089605125667317, 1.534038995422219, 0.24878632371717463
1.2250457510145596, 0.1658932736823933, 0.6014656378475781, 0.3205939259377751, 0.09314040458455734
1.1518705697213654, -0.10030674820442159, 0.41864105267031504, -0.1452085770741336, -0.3469848754889377
1.3006459372803023, 0.02211291360165878, 0.31714780927357866, -0.7363365384265553, -0.22003782053721893
1.3750433436583458, 0.3291079250842767, 0.7221479317027637, -0.40984163676467533, 0.30490058723675495
1.937378084186733, 1.5477869140263913, -0.2862455071801523, 0.38972362351449014, 0.3520916311837439
1.5980392842826694, -0.20215805108069704, -0.26364456700629174, -1.166718248046002, -0.2865689244465507
1.0078030075386382, -0.06911533593169875, 0.08029469822835424, 0.03874571625861914, 0.05423562713749171
2.2137837019620936, -0.28595464928316294, -0.9580565534828198, 1.532665099266062, 0.7430568965070637
1.4458893692775157, -0.20974139437160172, -0.9635167884381935, 0.006747318157659825, -0.3437942520930465
1.5711705940331784, 0.23333322915519433, -0.2145246984611396, 1.169155752678713, 0.03444734322134513
1.1462242522092694, 0.009714744889132328, 0.5333125071144266, -0.17003559044970273, -0.0200331680016831
1.4013648074373315, 0.16380585306834014, 0.9018579583591445, 0.3214183518897269, -0.14259534367288948
1.431643612952319, 0.035250976432880776, -0.5121808481091745, 0.5159251703597583, -0.7210081834397714
1.4204340170042322, -0.06147789982927062, -0.5985417244620941, 0.6377434278142834, -0.4988831414800385
1.575945002378333, 0.6223809152894438, 0.8028520490420709, -0.6406533099408714, 0.2030678965653403
1.3306073200632715, -0.2200223562147042, 0.847637317049339, -0.020864094764933425, -0.05640630520366883
1.0119719655440813, 0.12725106897173002, 9.844958418178433e-05, 0.02544903998094308, 0.08512791060769104
1.6069975125624527, 0.8537451867629451, 0.8436467615476153, 0.21726765744542725, -0.307595624512788
1.5919734230548725, -0.06239468455204169, 0.7255526224949026, -0.9852171114955168, 0.1827755953619052
1.0564687380768647, -0.09014421089121046, 0.19069307689483397, -0.17155906222074888, -0.20543576701938304
1.3597227342928504, -0.6330585537524306, 0.5867443455027049, -0.31959480057479117, -0.04090254441801822
1.3691272871656437, -0.3742014553816707, 0.25403274258611974, 0.47079252707889174, 0.669555495379315
1.2782895237314529, 0.5877339862308648, 0.2571785528666923, 0.46036834649113223, -0.10253314295961569
1.6673477655385365, 0.5124593395780284, -0.021494691274119262, -1.179325917438359, 0.3551934053875504
1.654305233955546, -0.30574299225702295, -0.35690391125350096, -1.2258151435048845, -0.11508197888673843
1.0578435147124179, 0.008571805882345905, 0.3267316883261487, 0.08014514597759564, -0.07604331122992612
1.5024763132687955, 0.2511200531546772, 0.8480171800210485, 0.4454993168506576, 0.5260903077534593
1.234640800392025, 0.3312779070002716, -0.2791151904402639, -0.5490195042970507, 0.18779017198217596
2.1621364813837, -0.6953892586191982, 1.225695092754133, 1.2902629749782117, 0.1554378915391617
1.1413041234405228, 0.48451919638585056, 0.14968346187725493, -0.1795396339129747, -0.11478951002066858
1.256449773122673, -0.3958167155285537, 0.06501830271268638, -0.5515053629576495, -0.33706025430109227
1.2848710183091026, 0.14145351172615417, 0.7011058171467363, -0.10728086218515873, -0.3575274639560229
1.8374272814153139, -0.5047275231775848, -0.572856358857091, -1.3375405636066517, 0.06488431752039754
1.1838644743834856, 0.48037372933508427, 0.3588379668283719, 0.19335713433871973, -0.06800372074223894
1.4453734921627777, -0.5820953264065097, -0.7113118308137164, 0.2924088623994127, -0.3984998109877126
1.73569322479864, -0.18294822854063106, -0.4163424321939394, 1.339242654481282, -0.110675235976761
1.8053758951084227, -0.3291744942078241, -0.1601428199962787, -1.4573902128800367, 0.0373405892653355
1.3765722614154583, -0.3067122707039956, -0.46167589107768453, 0.573607269362764, -0.508634294980084
1.217280892002135, -0.02891787854440381, 0.35153473601886, -0.5400690351246353, -0.2562914220291043
1.0494865792948036, 3.2509874532543465e-05, 0.25106214924392145, -0.15940455508981827, -0.11393008424756057
1.972224891587463, -0.9136967148407401, 0.9785049358065313, 1.0431255567395419, -0.09615872173388701
1.4187143062430354, -0.22922989529131005, -0.537719585925314, 0.6202480589540792, -0.5351204818724453
2.2190809241925242, 1.3010571447379797, -0.5456809935028667, 0.17017135229439032, -1.3801610117770413
1.1254814268647617, 0.4624390765230128, 0.0566211670939867, -0.026553028165078166, 0.22124087066874076
1.8968612631078672, -0.7583918666705799, -1.21738255697731, 0.5489104338760734, 0.4894910352564738
1.0423275362321631, -0.18661442881313975, 0.05822158815319912, 0.029248058472177374, 0.21766153885122663
1.782035067772103, 0.24757855985978394, -0.8994059034532035, 0.8845818255848794, -0.7231444213611334
1.2742260816526878, 0.509501885324762, -0.4313227667655842, 0.27153711400953334, 0.32293683995408523
2.0858355563161157, -0.5142568759450344, -1.1613786777232975, 0.5926459758453002, -1.1773785065899032
1.6186647896289745, 0.04602880916706465, 0.33242776196165524, -0.14007994315651343, 1.219764912806442
1.9184960865528098, 0.4965056509468329, 0.936093459920433, -1.1877889233945533, -0.3834004179075822
2.196974819201652, -0.3863735964986912, -1.7830769018522146, 0.6054733710072762, 0.3625638691554786
1.6255206845324948, -0.3966462657029672, 0.18476304101693997, 0.6828048977639771, 0.9922849016338899
1.3353366906183246, 0.3817546668266903, 0.10433882766379814, -0.12136553131241973, -0.7821580840971601
1.6379058467668475, -0.37546361991515304, 0.3369883641374284, 0.6084456007259386, 1.0285890464060292
1.1153138507238185, 0.4141756797787758, 0.2662520262957796, 0.0013745649156278478, -0.038619437604205324
1.5476039032593174, -0.2944211233240844, -0.04165260399987896, -1.1392315340429553, -0.09386488132535459
1.9233739297332955, 0.699901268148991, 0.2923723067560215, -1.4554706538431181, -0.07502731812335639
1.1236064497865292, 0.023774930804662423, 0.4522984867108257, -0.2394564962755859, -0.0035877538431715625
1.9466544600655094, 0.5790466990111754, -1.2786457999802006, 0.7910381357683696, -0.43987736155694146
1.3664542837010443, 0.45159912807840163, -0.7951814961746692, -0.05394824395738382, 0.16742613917513208
1.435170585460046, -0.019328714878579078, 0.022135476186686025, -0.7367761606532, 0.7183396967577336
1.5736815005023, -0.21089142715928555, 0.9503870250085893, -0.7270905103662201, 0.01010759143431866
1.748172909221583, -0.308080038718411, -1.2169819108578748, -0.6396354696170983, 0.26648959629213603
1.7778972860490023, -1.0031219224458872, -0.9117417868734269, 0.18789665943895473, -0.5367372987685946
1.4091036892038429, 0.38871266805091775, 0.7495991066115356, 0.3232523035139534, 0.40998145844016876
1.1214391167706006, 0.24881764492058023, 0.3692938292994829, -0.1422326628392188, -0.19775593407630127
1.0751083428705035, -0.2393653924216213, 0.3091695748879808, -0.014542208152041169, -0.05258189770492722
1.5753987566803531, 1.0294283719440855, -0.33960163752759054, 0.4325907111283114, 0.3459688916949512
1.3661578552869864, -0.13989021148541866, 0.9160872924645063, -0.008104176023272755, 0.0868124945439123
1.5773865768482738, 0.13931954826818532, -1.1057404147202663, -0.37147996147918927, 0.3287540870698603
1.5476409432021365, 0.29931056538165735, -0.1539993817549225, 1.130690046599596, 0.0585652069595657
1.74714112845729, -0.6015204972927767, 0.6567745957184692, 1.1221640396543493, -0.00837929645831905
1.1496457314736488, -0.20917179881475767, 0.1586439277496367, 0.22298071654269094, -0.4506042284693472
1.889381171387361, -0.4876378853791811, 0.9922875626469069, 1.1606840602782234, -0.012182313750469602
1.3133049723594186, 0.11315626227971778, 0.28763931386503294, -0.6438451585017702, 0.463349379759961
2.2260782103884402, 1.3010852503177743, -0.563393767696805, 0.16354425274169332, -1.38507837687522
1.4393957663668366, 0.661920701997649, -0.47569353984380447, -0.5179373535509441, -0.3730652897941964
1.8280694804146194, -0.22223394193994178, -0.06400674999886943, -0.23304678726029115, 1.4946713455390286
2.0748307173762357, 1.2720515127374488, -0.199732686325569, -0.9053006669736411, 0.9095850763400891
1.725330991572781, -0.7737882358074811, 0.05186342238712801, -0.9816324715511545, -0.641659312113623
1.5841514885145438, -0.1952306189726359, -0.36953444334753927, -1.1453964654455944, -0.15143373502284826
1.0919903658311076, -0.1923574754527177, 0.09935470099526703, 0.1471255637557554, -0.3520287951078801
1.0797588690912407, -0.22320824616739648, 0.2640339213581761, -0.20376734639147134, 0.06944243040729979
1.5440527510127326, 0.6339868321238451, -0.6229911185616687, -0.4725943248159318, -0.6088483102946196
1.046214339877476, -0.0595605936260674, 0.10500880495060874, -0.13347220515077307, -0.2493497583459991
1.4117361224511238, 0.6639220283357942, -0.442463627773608, 0.45682459197759956, 0.38437436176953427
1.29476075239154, -0.537766753460233, -0.3170955068185002, 0.17752310443255587, 0.5051220760910126
1.6794940773173017, 0.862091061416013, -0.6537144651702511, -0.7156691417508733, 0.37144910168588036
1.7426588123228453, -0.04532651727983543, -0.019758453763785957, 0.5436183383810074, -1.31867128150972
2.084345069578357, -0.5362537999223311, -0.4510748303447042, 1.4399436886882022, 0.8831873538389109
1.4696963640677614, 0.6865259171277077, -0.48493419392195086, -0.579813175989426, -0.3425566758658782
1.9062111965428379, -0.3054009516340888, -0.29597179161018744, -0.22130166264162537, 1.5504185426036992
1.5549287636908595, 1.0098214661981246, -0.31337553004400587, -0.4415775624516537, -0.3238349889489226
1.6409954113305139, -0.3521966865965332, -0.30961101057536455, -1.2123533883383995, -0.0562469365666227
2.0491567851818147, -0.4797904922102639, -1.4924303107738677, -0.852242321986809, 0.12320473180544804
1.203711175003514, -0.09888925041305016, 0.5774362348729254, -0.2951155600161652, -0.13643940000311636
1.0711027976099758, -0.03164237312544701, 0.276870788493603, -0.24970536851205236, -0.08514551477381202
2.0566187761033863, -0.03849370591520738, -0.7863620016756363, 1.3294632311123102, 0.9178024538357948
1.5298226600811402, -0.09699916157430649, -0.9442799986514088, -0.4858496679753661, 0.4508147271626552
1.1116022491317137, -0.15509163233841372, 0.4382979128303841, -0.09391283372754534, -0.1033511737866675
1.3396759289108702, 0.6432702334259558, -0.3669468301855077, -0.40492747640105886, -0.28691246742446946
1.854230760592028, -0.004580314437325276, 0.18032009280166642, 0.4930682422171579, -1.4705506135098605
1.8387872944143593, 0.20508972779749857, 0.6345999993181364, -1.3232218914286824, 0.4306316111956353
1.0637428397141042, -0.022323667476004845, 0.07254156046217086, 0.3546018974496679, -0.006760121615421914
1.105213694870072, 0.4435813008430216, 0.09824255018564021, 0.0999222078111697, -0.07139253875533745
1.6395481599766522, -0.8145205660575449, -0.9009133109556074, 0.1194474045249767, -0.4458272535942301
1.258812162801674, -0.528214723556291, -0.13967977876213536, -0.44913387985768605, 0.29045754320506456
1.412141315629991, -0.30173182895638445, 0.9421288803843985, 0.10977802461289225, 0.05867671396361506
1.4958748736528393, 0.03241505521077619, 0.8363562095819921, -0.30964030247193747, -0.6642454934738441
1.0538005306869098, 0.15697848872293604, 0.022258188108863947, -0.21743502853978836, 0.19514070303319053
1.254802877344811, -0.1048202997426873, -0.6090226093151652, 0.3873458858650274, -0.2063918404420463
1.600593331209899, 0.3859095644914492, 0.9652855881136443, 0.3754472429509171, 0.5832974550675429
2.545423892892404, -1.2450808008783651, -1.6359070144402348, 0.9742727234179156, -0.5509605197295758
1.42893047146158, 0.6696339985200201, -0.44083697903786095, 0.47070401700631087, 0.42134675338063104
1.9051736753968882, -0.2973384487518052, -0.2755983176720536, -0.22963164783634557, 1.5532518964828133
1.9424757477352443, -0.5291865855927056, -1.4087690159168476, 0.5769718989626758, 0.41910246452199673
1.8514126026142332, 0.2761698649176353, -0.7580904518279136, 0.3466039834764526, -1.2870988215035348
1.1996921815272024, -0.49012466527666304, 0.02932807680293988, -0.3444770854545732, 0.2819832342759056
1.51213496864364, -0.5968447843169643, 0.8387032910263449, 0.289776846467075, 0.37806697250846194
1.1781420365189472, -0.1880990933280389, 0.5876856684068729, 0.08418336288183385, 0.013270488508521236
1.0963509975634569, -0.2458222583415849, 0.14265071225482717, -0.32492658632992455, -0.12502165792934772
1.9359212457103652, -0.4484113522986077, 1.0248736564914276, 1.2228727494644107, 0.030570501627391767
1.6073525447241708, 0.1677561245179217, -0.8118788141642164, 0.7065818398434501, -0.6301071182209782
1.6828939888311547, -0.4007295213331672, 0.573736650667298, 1.1558080941341797, 0.08051045640854017
1.6965752834868588, -0.4494080433756004, 0.14024161769953813, -0.47812021378710884, -1.1950453769296863
1.1186174796089785, -0.23585822421666042, -0.2187468687560573, 0.15155725109587492, 0.3533499268512577
1.42384465670366, 0.631479356332168, -0.2500977523917968, -0.2584019580767166, 0.7065741088240954
1.3516835422720337, 0.37699410869421773, 0.6426302267168377, -0.5197565878257427, 0.04246553403092887
1.2609230197312058, -0.015578490559783375, 0.5621693385702616, -0.4543972226265694, -0.2591774896874261
2.4233681671105116, -0.6747076468755381, 0.2711490100352088, 1.994326714598811, -0.6054932158221714
1.6129168742941329, -0.41542023232198494, 0.8436676510660265, 0.3672754270204683, -0.7630599774670205
1.3803614479872321, 0.5120060140088483, 0.057783042605626375, 0.0197636588562804, -0.7996987473317866
1.1390227048003867, -0.13121117493636542, 0.25102016862722043, -0.46419747960762076, -0.04081573827461195
1.4599137276930414, -0.9642322643745361, 0.13047817459150404, 0.4159011156038482, 0.10773087134377908
1.3625362462167863, -0.2432278348578568, 0.8835751652911576, 0.061705147884655774, 0.11328126327917816
1.215608543846425, -0.19414979577078292, 0.5647003675025694, 0.05290694667636185, -0.34398304988827144
1.713704978522029, -0.8733446028016242, 0.6336985317849033, 0.5611657006328866, 0.6764415609757584
2.2765004238219233, -0.376357932465888, -0.4078811602724367, 0.30968543853308805, -1.9438458721274117
1.2990218397567044, 0.45952308637728806, -0.3802567741081158, -0.5276937479785101, -0.23073874260831592
1.8373371517656005, -0.7450750841886643, -1.146897016613798, 0.534941101730354, -0.46811983416777947
2.3969677086667343, 1.6376690030291745, -1.4011873759554874, 0.22556259535633952, 0.2220132562428886
1.630749812598283, -0.22771114181588262, -0.3922322158252064, 0.8723410196700906, 0.832266556730497
1.2139063049389194, 0.3253603868395001, 0.4689378444881884, 0.13661040061634896, 0.35936615352078444
1.8703335609218559, 0.8986538938257439, 1.240351907501659, 0.19487540571366582, -0.3378158226421443
1.1648033502714197, 0.41131682396556113, 0.38626223199089044, -0.16804654904180977, -0.10073311580091969
1.3970564402250987, 0.6208960962506883, -0.5620818199321431, -0.4185759680354716, -0.2740673667549977
1.5675810824036294, -0.22052884287732663, 1.1123159373979044, -0.4073333386950677, 0.07423130045386818
1.5723815111001218, -0.36237643626141774, -0.326034767691189, -1.1098028196209289, -0.05573120050713317
1.1355000155475448, -0.10981507983052691, 0.514403802087016, -0.10262432420756626, -0.04645331021199409
1.8060217741096707, 1.0562273816143464, -0.23077656627580634, -0.6813493059279487, 0.7928452980599654
1.6001094029760943, 0.8583197624895593, -0.5389746721463392, -0.5717365424656757, -0.454159570642875
2.254953214360467, -0.40093490583175706, -0.4549510280180285, 0.16728565891188976, -1.9207030667617617
2.402362102814044, -0.668121983550928, 0.27359348340367445, 1.9734636706802655, -0.5962754686194174
1.300657620877249, 0.2182240458886161, 0.34817567631964697, -0.6222265052392525, -0.36836990531145647
1.2707483590115438, 0.1852089546329205, 0.1815477955520573, -0.35316051230496076, -0.650243866201749
1.9720534537548493, -0.245385127814664, -0.6559095690937428, 1.289807532145755, 0.85729815741383
1.4898509678913197, 0.5485817446101345, 0.22879672648600555, -0.9153700450619903, 0.1687119277339373
1.2159106243002336, -0.22619305237127627, 0.6243009993353389, -0.1105388691017738, 0.1590747308397755
1.9229096198331108, 0.2832373595733112, -0.829312663397621, 0.27119574438121447, -1.3623697657928704
2.0026122992015427, -0.5514090287054901, 0.4566314449801704, 1.5603941879826655, 0.2511210973625985
2.190574782395795, -0.24029262377883695, -0.9389298046231779, 1.5116328448930247, 0.7577956825271369
1.314522384470625, -0.19954855535211172, 0.7871945565143872, 0.10613732685926348, -0.2391841787671378
1.5392245983632784, 0.7684052470348071, -0.5545230063527349, -0.5300316910424965, -0.4362755808570187
1.7704741334836598, -0.996208961422478, -0.05938783947594547, 0.7293592055309058, 0.7788803479007345
1.6414370254794122, -0.4603337071345159, 1.2172296552175128, 0.01642672246867628, 0.02214759441759593
1.4398940653207224, 0.9433496808397438, -0.0038379353847078396, -0.01700953081277203, 0.4278811109629667
1.626014312594689, -1.0586269810056457, 0.47294638697762564, -0.2532319961101911, -0.4852079255747069
1.1669627063977952, -0.2458910189539672, 0.5359033534775718, -0.1174112488352557, 0.01901997106951233
1.1557326382580597, -0.01063469631072114, 0.128241464710264, -0.5342513914970405, -0.1836693000524475
1.8981910270171547, -0.28977312534149857, -0.25019060075981747, -0.2285240484313941, 1.550594122734324
1.1672027555272193, -0.24131672912926933, -0.1420613034739146, -0.20162109124046496, -0.493250474277502
1.7577059677943823, -0.14227604225759796, 0.0689612793814406, -0.21215611045544078, 1.4210988437691425
1.216381747643425, -0.4878709980633207, 0.3107034979705859, -0.30640185543501236, -0.22615853860422042
1.118796410227642, 0.19181460765980693, 0.4095966056209727, -0.1516958148257854, -0.15534337531639716
1.9876527198808187, -0.5307484530447039, 1.1329173571770932, 1.1758463702006965, -0.05434142004942072
1.7689015008670101, -0.3240746002044631, -1.2628489683140867, -0.34540438505874166, -0.5566834533935043
1.2850884915045193, 0.16295822042443608, 0.44049693703239534, -0.6081272866919336, -0.24706416381022664
1.6794203260308271, -0.3844772660056999, -0.3114357684751235, -1.252860097652759, -0.07732529491764582
2.3779797682647525, 1.6197875794338956, -1.3896382421946119, 0.2252056521579129, 0.22195482841011915
1.6000556599493447, -0.5729691991146113, 0.31008391890618126, -0.39229184757189384, -0.9908781364861718
1.6184244463305533, -0.3770102950528207, -0.34779136306322556, -1.1631535456869888, -0.05723567802474278
1.0688243600645693, 0.14415151047457378, 0.21513433720490993, -0.27048080719613815, 0.046510263268060355
2.0931353121087777, 1.5406684849297703, 0.7355888998706798, -0.14905733549885, 0.6665185184688741
1.0208592734025426, -0.10084138556461694, 0.17659111073723888, 0.017087013970735587, 0.02254516825237269
1.4494203867151099, -0.19650457257780665, 0.595250732570152, -0.7225390705671884, -0.4310675901294293
1.540339209496845, -0.565368420806933, -0.5386566273381291, 0.8612348501660909, -0.14535129772982142
1.19749210274054, -0.20801082661996428, 0.25483965532176894, 0.14547414384280657, -0.5519174355676072
1.120842277664955, 0.2736989759496464, 0.41190737932424765, -0.04932530254408122, -0.09630995458645014
1.7560522827650056, 0.5399231291255362, -0.9418545441533677, 0.8287971267913865, -0.4671273645586088
1.5334818883371881, 0.29414741181291115, -0.14069995219590464, 1.1145595218057287, 0.05481421153505548
1.8898552013644878, 0.822168459090449, 1.2932167446173333, -0.4554785600311494, -0.12538516576750056
1.3607080409057466, 0.13519006535955064, 0.4824501378883675, -0.2250610816043853, -0.7415115594595912
1.9249986540625172, -0.5323746829884598, 0.44490009010636716, 1.4704819950306378, 0.2488847668490423
1.0443464012271562, -0.10730907002762723, 0.18209506039668627, -0.17639725027857941, -0.12194083942306361
1.6683566210539655, -0.16327971529940072, 1.1200030617607426, -0.367978540159713, -0.6057544760171739
1.4566548248595543, 0.5388094662248203, -0.5039616402699986, -0.739598005309239, -0.17477154680356483
1.9089598470819988, 0.3905870731886958, -0.9974007855775722, -1.2230761190489288, 0.029084634614681245
1.6569197498496249, 0.465974371403779, 0.09128705907784683, 0.6879580337883809, 1.0230500277247145
1.4423792750935924, 0.5431351384954829, -0.44361050219324555, -0.6438887088057077, -0.417228052229695
1.1261433408807708, -0.13212949019610395, 0.1426547239649116, -0.3874988447307823, 0.28325765142962295
1.106445975025669, 0.12654442844863165, 0.44143084890143836, 0.10937995853235176, 0.03720260190804936
2.2230093449247104, 0.11080789483642749, -1.601854625630046, 0.3179813773925295, -1.1235843359729099
1.92520353350698, -0.3129349824026396, -0.3113622306998418, -0.2269126940119584, 1.5684529106116876
1.3707760250317922, 0.5797442031198722, 0.16730692142959971, -0.33261369682276476, 0.6358459660000277
1.1663041583344291, 0.20862573063585296, 0.5176107406807633, 0.21888460564179194, -0.030155344630537175
1.881444681327282, -0.5269037110112745, -0.64216657256021, -1.3586108531167351, 0.06328673713310438
1.6664221949436004, -0.6520292398473609, -0.9076456003223313, 0.2877116132181018, -0.6672497988157597
1.493465538445005, 0.181492544535385, 0.8688130301863339, 0.25048135341721145, -0.6163787642104668
1.5765595671150452, -0.022182300465436466, -0.8781994588083486, 0.4696909840557595, -0.7022849167207676
1.2251836367483433, -0.27370098820583555, 0.6341525378349988, 0.07467390178148868, 0.13578320942297847
1.2729116009045802, -0.2855531540972411, 0.4835298484690561, -0.16206494939799604, 0.5279177755282494
1.1288007757279341, 0.16952735245690212, 0.2538156227350371, -0.4223035127865537, -0.05185596201693279
1.5461046200233444, 0.945727034677503, -0.05583258781482067, 0.3647665600721982, -0.5998899488478057
1.262453120845932, 0.7356766938248249, 0.13064279987448044, -0.1840035284252517, -0.04053202270578121
1.3023565272579452, -0.5978850437402982, 0.38193507291123857, -0.38210331469680214, 0.2163068550486552
1.7491017952118397, -0.7174124506380087, -1.0027714223032689, 0.5988518280924979, 0.42485577351025866
1.4426438818015133, -0.026386536674364528, -0.3681883947896201, -0.9610799014849383, -0.14590356159331733
2.116426213229602, -1.1466578108937289, 0.744353657117352, 1.2669181958024964, -0.07274406534120408
1.042894546482299, -0.005040802881975928, 0.25136772348677083, -0.15593970167941906, 0.010035059443636479
1.0420575910212815, -0.04547623978635064, 0.07269376213214399, -0.12847627629480618, -0.2490489871420209
1.1888674742920493, 0.29791429993169954, 0.048477927635257406, 0.17115462745246665, 0.5413029885004887
1.295285566439584, -0.2709646511515892, 0.7735354809462733, 0.04757570488636685, -0.06101039644842767
1.433607244588879, -0.03446430995443325, -0.7406604929762274, 0.5312087445192266, -0.4725264510771875
1.8699564222212153, -1.0601022835038774, -0.8982511240202407, 0.5751784560974449, 0.48501013531055853
1.8925615892898608, -0.2852575365326471, -0.24156347309668058, -0.2317283195567478, 1.5454341077792881
1.080710853157016, 0.29099617986670695, -0.01469343777153198, -0.19324885318202162, 0.21376659015064972
1.5205158991027694, 0.8962302097255701, -0.4451499137579614, -0.45343765663797186, -0.3239997784312636
1.1368704552225088, -0.058543312760977066, 0.22237757058731641, -0.24733233473927002, 0.4224003370984803
1.1233563579876524, 0.3374154278554859, 0.3137383875270605, -0.2122314961719695, 0.06787011345879083

(('lorentz', 5, 0.06, 300, 7), 37.90296626276149)