1.5857697146755916, 0.7069639248992906, -0.8865848785160295, 0.4783668571922751
1.2474717660230037, 0.41475212447587345, -0.6169404642471777, 0.05958981323832242
2.0749704507247877, -1.520381172431301, 0.2914446111123287, -0.9534167507187163
1.104664516560105, -0.05657194599006939, 0.17238569075868385, 0.43285850193281217
1.9484929204112074, 0.7660790118308086, -0.02468450301932605, -1.4863170199643199
1.2447857376196425, 0.14088130213740274, -0.6060063839867825, 0.40298914855937695
1.8856886722030495, 0.3399100324859234, -0.9981528974433057, -1.2016545808242283
1.1075793379366576, -0.04729706025552088, -0.05703433928298833, -0.47036375504277916
1.9404425766484292, 0.7068628030555419, 0.6287809464465608, 1.3675879833898161
1.1262447157385853, 0.45051301312789654, 0.12632529050265012, 0.22250192293760426
1.0741847398761224, 0.35206146087116963, -0.17164667928563565, 0.02151744971423989
1.1714371768238294, 0.5966987542761693, -0.04085232105728492, -0.12060988249096334
1.4614442130286596, 0.881821773512966, 0.5943049586207172, -0.07078957347118855
1.1228904865060718, 0.0268449206082453, 0.508252080288991, -0.042921064820115505
1.9282604293193617, -1.0093210995783473, 0.25181479391926065, -1.2790811197059573
2.107477993164372, -1.3908685258475482, 0.5042951260336311, -1.1192116249117146
1.054531566255322, -0.22284336592721016, 0.11635256388270376, 0.22099714787538616
1.4713175469165871, -0.6337831743719062, 0.3591564763918233, -0.7963044877517163
1.151449813993628, 0.12877552996944677, 0.5499946406849393, 0.08221576640093647
1.3968307920230778, -0.7331142587554762, 0.4806004509271521, -0.4274376582869664
2.241505781104314, -1.4597746666322369, 0.6117449477181275, -1.2325478523465727
1.103022906234725, 0.4023023408253437, 0.08632859273544012, 0.21762291313477602
1.077742862350389, 0.061075568754445385, -0.08425591077363846, -0.38820148602012733
1.2582503981992912, -0.5415023936166962, 0.4141954425226368, 0.34410951406425877
1.903207991666256, 0.8624239862301419, -1.2797394931544916, 0.4906040737477631
1.0401405834063873, 0.20599450884446116, 0.11420227605423444, -0.16253164528466912
1.1012860728062395, 0.4023087258425774, 0.22417801339382507, 0.02688720102036392
1.1561407853213388, -0.14786123922187208, -0.3837734589025501, 0.4092877980849012
1.858795141937349, -0.882089449190353, 0.1309122756166414, -1.288370893574448
1.0256704159592722, -0.22346719473600837, -0.014158139629544746, 0.043148141711038285
1.0933102235438887, 0.3941153065237832, -0.18213929412754618, 0.0826174775938583
1.0296262002623902, -0.14828166758361, 0.07015665520918289, -0.18226547411742916
2.2723501650009603, -0.424271195191524, 1.1806713458906306, -1.6092185675984023
2.298873446864829, 0.8091250485176148, 1.3911576657316844, -1.3018510397267111
2.1057868373174298, -0.52573143507662, -0.9588772860881303, 1.4961614259884806
2.651949684484914, -1.7753383429519145, -0.33240189046345703, 1.6644878732813606
2.0352925028913718, 1.0281813374458943, -0.6440587234872793, 1.2924577634699452
1.159974148576277, 0.21211350500315132, 0.22754312290599335, 0.49877050191317895
1.2547919283701883, 0.5517474515408973, -0.25554033320132086, -0.45252256444122074
1.3635004823988413, 0.8909168412917833, 0.05121908574233709, 0.25055409128622
1.055620103868098, 0.3125137197775867, -0.09265165338987903, -0.08991468047761617
1.668793577884761, -0.6314476283771889, 0.3599998313826771, -1.1209576350650763
2.299853811016294, 0.809374682503031, 1.3922800038963772, -1.3022275400710863
1.091961863944788, -0.089944856955559, -0.23949938144773464, -0.3562733238725178
2.5997710661880538, -1.4811401799027488, 0.8567790353932396, -1.6825465962572483
1.303571458225849, 0.7858813277674028, 0.07899270170332873, -0.2746802476429989
1.9387810101926268, -1.4001641174267607, -0.15265135335494212, 0.8804032110760317
1.6234360721857606, -0.42695175768233473, -0.6993592678877395, -0.9819131792095571
1.2125658814735558, 0.2835598428564419, -0.5892161913216086, 0.20672230725644727
1.8688361005831908, -1.257364360094043, -0.8817029748084729, 0.3663101159156997
1.0322027674267475, -0.0504915047518167, 0.07614241697916944, 0.23894663288672616
1.1324285653600819, -0.515010844652342, 0.09719913816316389, -0.08781009665358876
2.0470029915423287, -1.6466210902906224, -0.6751583854250525, -0.15172800329405522
1.3195057583087, 0.4619571444071345, -0.7176873815172917, 0.11232036926522435
1.1623220228888718, 0.06490900253934792, -0.4677926452936376, 0.3577000800824718
1.2495909245152352, 0.5018605183463625, 0.5156340853769859, 0.20912911981213939
1.120800516522708, 0.3056236167501288, 0.4023101178637642, -0.03057076686286061
1.4009530344830947, 0.5879193564496807, -0.6039897937390558, 0.5022116727020958
2.2182467637999483, 0.19587989326125663, -0.22970609483678672, 1.9569069682843219
1.2208868258069878, 0.08706238633764861, 0.6759084799529018, -0.16165552586291007
1.2524407322751014, 0.4941446355094037, 0.34002710338190323, -0.456957805519047
1.7562943707872882, -0.15335319034686837, 0.9148672266982191, 1.1063772744335738
1.1309132591737348, 0.3563121637597491, 0.28184810826391377, 0.26938464247216787
1.449546491099618, 0.116303919146734, 1.0171073887571003, 0.23054498039653387
1.5435117137584597, -0.15107844649686983, 0.07057892048036621, 1.163882438005444
1.087340278364946, -0.08268034296241529, 0.325857724869419, -0.2632291491938189
1.192297959543365, 0.5233570204155426, 0.3821277212158664, -0.040623370015374735
1.0736573376134477, 0.36207095944167034, 0.14431262124789354, 0.028610597490217757
2.1776908313194916, -1.5506824620372575, 0.6136877962427437, 0.9803614371678299
1.3615945927731352, 0.8903411246825422, 0.05920613206340535, 0.24026475125193925
1.748576011462579, -1.0638660964126905, -0.7763905581017423, -0.5682646373446708
1.327168495456091, -0.5901905396100414, -0.6063085000239835, -0.21316975649622313
1.263890414178363, 0.6322843986795623, 0.417395303792492, -0.15302476469627932
1.1870743804474633, 0.1586593093851284, -0.6187325939851809, 0.0338051090891921
1.127684385696719, 0.14824839263128475, -0.12304376617036715, -0.48430849613963906
1.2031356338570796, 0.45543264779612114, 0.13710516331654946, 0.470445141297084
1.2742095084553737, 0.1731067547524184, 0.3992704080878409, -0.6589590762122788
1.2282031494224555, 0.43299937811928324, -0.3870691157829597, -0.41372939756143745
2.2666450061237433, 0.9329027704164563, -0.08218076730640386, -1.8057182300181653
1.2356128153823402, 0.4819715200893187, 0.2257161237225996, 0.49345183640504237
1.4967894519186975, 0.3129366391077906, -0.8785700342740376, 0.6087396965491177
2.15266533124287, 0.12024281971745707, -1.0241969246588025, 1.6032873579495415
1.0604651886761696, 0.043577264767069086, 0.3448640831532631, 0.061287866174830306
1.1012980891705926, -0.4328662086632013, 0.138932793762974, -0.0786257300478612
1.0327172405134728, -0.2119408832510755, 0.1146852432698542, -0.09183276014936216
1.2741830004493242, 0.4407749836778735, 0.2132118170699568, 0.6195163060481461
2.1679178565120703, -1.788656862337567, 0.21656398051467823, 0.6735536383542574
1.0770346660182466, 0.0057222102149195745, -0.21539004276245058, -0.33701343829895286
1.1409030285885904, 0.12388835269205815, -0.5316529044625682, -0.06046971048699753
1.6088527030277016, 0.19160804764302244, -0.6729133566386825, -1.0482752456178828
2.4129447854365376, 1.2258605425285372, 1.7415192542260303, -0.5354242756889434
1.9641920601567224, 0.6754469716410468, 0.6386842108020698, 1.4120567681774643
1.6144208733147538, 0.7925889788990215, -0.9484555477325749, 0.28033826120863453
2.1437613245931897, -0.5577527403798097, 0.9750726182294337, -1.5276969223637116
1.6795486076709312, 0.7357339031791955, -1.0585406317350965, 0.39883690928490073
1.8518111391244432, 0.47034831437735997, -0.7974827765518301, -1.253793515396745
1.1130458993062446, 0.08035927643321213, 0.22926934952571265, 0.42408622474873436
1.6603740020153237, -0.577815560759914, -1.1085913723953924, -0.44044996692313304
1.0857319948131174, 0.17386190805821825, 0.3820233022499625, 0.05142176606516939
1.9751853620427038, -1.4199164447703339, 0.4438438416584197, 0.829576487444309
1.416991822085028, 0.046521611214498076, -0.1759966291187589, 0.9872825077376226
1.6294445800195139, 0.7549023047892469, -1.024763575197427, 0.18727456988988253
2.101353527070374, -1.523803832284276, 0.7703340695392533, 0.7073146030967753
1.029245745433238, 0.12548446046306486, 0.14945370941423475, -0.14582195793857908
1.273289777693777, 0.5556229071123845, 0.5264528258550153, 0.1881421410017429
1.3175795885698056, 0.7910606379653278, -0.004777771178128178, 0.3319882711486001
1.0601311344202546, -0.15282312816988494, -0.26560697800853716, 0.1731359202959322
2.3770917379992302, 0.1973112827308311, -0.05163930817078527, 2.146850430380039
1.5969212213921902, 0.8562182167551352, -0.365439662294638, 0.8267415592864324
1.0875558206718265, 0.19347366241197964, 0.29339077255060797, 0.24344909039103613
2.111943854339956, 1.0789304205020553, 0.5728184869149188, 1.4028880827236614
1.9745565239984437, -0.9638280145383146, 0.7725130282952246, -1.1718074269990308
1.6389656611893637, -0.8792044891672466, 0.8915196774873922, -0.34409383812969546
1.1368589670427482, 0.43952268749740875, 0.3143208661786675, 0.021691270254463973
1.0498315855523135, -0.15561010935967134, 0.1420457223166979, -0.24032241813838984
1.5903120184382842, -0.9998554767138994, 0.0274418678696879, -0.7270682812241865
1.6552210557106763, -1.0689686237533522, 0.2250240921688103, -0.7392069958018749
1.2428919677543102, 0.577858048292868, -0.2528413559030037, -0.3833167988445968
1.0794701218151028, -0.1379662407938118, 0.3746114706114561, 0.07672878455351008
1.0935862764902335, 0.10020187983153764, -0.03637969438880482, 0.4296126688567004
1.134195660976091, -0.3445086554665846, -0.362306212433486, 0.19091304857892785
1.2971561910373237, 0.8249946167564712, -0.02994541295749042, 0.033186420597982755
1.075732566561578, 0.32235693169390517, 0.189934367615504, 0.13119260401619098
1.3418258359690183, 0.47691382509551355, 0.6928756951972982, 0.30491482173154705
1.2115617322902412, -0.6510436078500874, 0.13434807830734666, 0.16116651538950227
1.0559380088488288, -0.08599095834311953, -0.13917969405554476, 0.29705158874758814
1.3810671385967814, 0.4456697243349741, -0.8092237198726735, -0.2321247710144749
1.7751936926673597, 0.9103287430715981, -0.44814556960273966, 1.0591410550389861
1.0907192699972297, 0.16717107371332118, 0.2888411498291421, 0.27980912819671183
1.232038934605434, -0.01475233517581859, -0.07774283137159124, -0.7153029827708545
1.2295988404028306, 0.17688435224676372, -0.6587060747997229, 0.21617479333208728
2.5097729430406472, -1.9945631306784386, 0.24300620970345133, 1.1232213163053397
1.1775574703999276, 0.5688649255727828, -0.09705603384414879, -0.23154787591811835
1.2535378114455653, 0.7514229223362648, 0.00777940236269797, 0.08160954239698173
1.1396438496711783, 0.4262346829293341, 0.2844581379904647, -0.19025158840985013
2.064647172209923, 0.9805514617228356, -0.6479514314597246, 1.3716580182745757
1.0208296846444223, -0.08973961853923405, -0.18216025362336422, 0.029286309353267287
1.657990635379617, -0.49077643881197563, 0.661087422235592, -1.034908138085425
1.7594499940392885, -1.2330699332313095, 0.6968326539943624, -0.2993778108226451
1.7560597160445703, 0.863260588592111, -0.2957253679022269, 1.1185139200194298
1.4587392780435713, -0.6527354008102662, 0.14803530513067853, -0.8245861545472415
1.20568007982688, 0.635744577147917, 0.15842433608977832, 0.15618904331892539
1.083191138393052, 0.3418924802593536, 0.181259762006045, 0.1534844386667752
2.0628552090571444, -1.4467136993035536, 0.12923952091481639, 1.0703682693425336
1.6781687464582555, -0.8816475747773617, 0.1626444984501197, -1.006227937697209
2.4455952464684296, 1.2652258766761066, 1.7648332506724254, -0.5152700145158423
1.042196778882995, 0.08726051245309441, -0.27066566156607813, 0.07279992121912479
1.8613127481316485, 0.32747964408757496, -0.9468995906266364, -1.2085625322409979
1.0746568627452615, 0.07549458451295081, 0.2361072783476684, 0.3056816865073235
2.0394737248473, -1.4105031658747462, 0.2941953917245792, -1.0408568416875879
1.3018603564163072, -0.009524617386241057, -0.08126429949186813, 0.8295455279248609
2.114694185599898, -0.885095275619388, 0.23264555167849932, -1.6230877668722856
1.5356164466411018, 0.48483443376370344, -0.004750498518058687, -1.0597315111836123
1.5902769775283905, 1.1756934511088548, -0.24647966251308107, 0.2932124660447116
2.1871843619704623, 0.2857887087924066, -1.6010985365090147, -1.0670443868760096
1.5173756308028028, -1.1345186677251442, 0.0707009733468752, 0.10147694272676827
1.2640921684908908, 0.47356265374722867, 0.09660312710943089, 0.6036019046097885
1.51335114020603, -1.1299711895136504, 0.029692941520594856, 0.111870968780339
1.0624308937598808, 0.2738551948361351, 0.03528890819568325, -0.22916681530064156
1.508783350499241, 0.7519075326849562, -0.30548052690769817, 0.7859668623520534
1.7681910888576375, 0.9038513466465816, -0.979350427167306, -0.5919672378501485
1.0185045176967578, 0.11245430528747914, 0.10952415591226544, 0.1127383744016279
2.3543497820435646, -1.7275034286032995, 0.5860661164463918, -1.1023707668139016
1.4107367853315325, 0.08576766280069313, -0.3820905665357073, 0.9147835724747548
1.190376461393887, 0.11937662964090522, -0.598867155085057, -0.21000826340061168
1.3329327597448053, 0.8342931643707042, 0.2067684398455205, 0.19470868026122887
1.962103363262979, -0.6862458794663088, -0.49830159209706937, 1.4596615101991735
2.034337693994571, -0.3798363738479677, 0.866852677322604, -1.4976049606380881
1.1878022143255513, 0.04989206486359158, -0.07011487915656164, -0.6351919284288735
1.0437444429339684, 0.2781781676939377, 0.019726176134016588, 0.1078436235904239
1.0429730891115636, 0.1500353048267019, 0.22153400308411775, 0.12729869360681725
1.8543448742544222, -0.016746051705802893, 0.03835202239465034, 1.5610392707437426
1.0817027301890092, 0.1087002531460302, 0.39440303116247205, -0.052070149550384005
1.6886291622297132, -0.3357333563845792, -0.7510319275608855, 1.0838369825428311
1.7459099564221223, -0.9585548137861192, 1.0234572741203896, -0.28619827559127126
1.793644141550077, -1.2004717086733403, 0.26800059718462493, 0.8391678396486059
1.2531051400815767, 0.3293308541500489, 0.42671098909997457, 0.5288964098809792
2.117327259455005, -1.6395624730027085, 0.12189260080072928, 0.8832054203991954
1.250076691737, 0.6478567763139707, -0.31023975700884693, -0.21615879759862747
2.4207689002385515, 1.2386710921670527, 1.7469792034488842, -0.523335128296342
1.6194524969452289, 0.7217366135723778, -0.9907735822786117, 0.3465405591702363
1.88902595729824, 0.7268036966337739, -0.029280072859070527, -1.4280469639473978
1.8877049803537118, -0.5337616345104564, -1.4257797767334366, -0.49566181881892474
1.798699771515037, 1.4889517915723391, -0.0017163657436474332, -0.13542704497404384
1.7013867424381557, 0.8536049801800958, -0.4527281011429696, 0.9803635303251232
1.0771763716554235, 0.3717797100432907, 0.1485118590595769, 0.005745482707161587
1.1053928239333157, 0.3891287751488241, 0.2647210251282374, -0.01987134644409936
1.925255785220587, 0.8051583597110996, -1.361624392523609, 0.4520053849207804
1.1269326558143968, 0.36451655400410116, 0.10450618382550037, 0.35522295835164713
1.6268061758890153, -0.1534930430671031, 0.0853278208137568, 1.2710851201378364
1.3807744704138716, -0.3394484665356427, 0.5733363789611051, 0.6801457735464336
1.573422179284311, 0.10876431560514169, -1.206840192568375, 0.08581624272982039
1.8902372860022412, -1.4720223427686945, -0.6277397152481904, -0.10995485293066079
1.9044121809964027, 0.2806447841581504, 0.8685801405805287, 1.3392508352214718
1.682814616387012, 0.81415198648164, -1.0373682174323968, 0.30477656979317935
2.302233501581066, 0.9489280374756449, -0.08762158929954955, -1.8417755380565406
1.6205620435266657, 0.9950233047326251, -0.7678607597866713, 0.2157308822077263
1.7711736087559407, 0.8728810513893205, -0.42226027646877234, 1.0939976605987476
2.2626459095029188, -0.8571881156246012, -0.3530831839799995, 1.8055822638176258
1.0685981170526122, 0.20135565454447354, 0.276481409207484, -0.157847605347686
1.0683625629072036, 0.2830340808174095, 0.18685368869587093, 0.1624068161692698
2.3937501163681847, 0.899918445071617, 0.5803168969830119, 1.8929919996948188
1.583079002967847, -0.5144386148517458, -0.5438726137408865, 0.9724683137304504
1.0808561036279138, 0.16943350412217997, 0.37353281385319664, 0.003929555383006076
1.431714651389494, 0.5967467483773736, -0.7708202927761043, 0.31549364105942446
2.0470693497906076, -1.5877933888998972, -0.8145681235717291, -0.07670625188831245
1.6280114953260267, 1.1114176054627798, -0.5592577109344665, -0.3200049186206468
1.2801442586430698, 0.5813648801692727, 0.3438383870565286, -0.42726966031880503
1.0391231513854449, 0.12366809600843544, -0.14508880283431058, 0.2084043307298895
1.9683288628687023, -0.44769095089045846, 0.7892630408931998, -1.4321156298193296
1.0653181822633628, -0.004335471343100566, -0.34749510725935245, -0.11887465490995013
1.1519779190714483, -0.01871691952747193, 0.5713306768980161, -0.016854097034283515
1.3700500901778128, 0.7377280769690185, 0.5767799210570899, 0.010929625483240375
1.055359372493379, 0.24618642169277719, -0.19899060323926973, 0.116526351981842
1.511523440915296, -0.7657920902150601, 0.4129063065911346, -0.7264805358560774
1.2242315631093237, 0.025772941634692226, -0.0904798413706598, -0.6999229056818563
2.084389236953598, 0.08041231021803504, 0.5103278093005805, -1.7543596776453425
1.3795758525536752, -0.15205407179708363, 0.021300633306246836, 0.9378994483524765
2.2338553224200153, 0.9174558435028879, -0.07799783765727447, -1.7726535798196512
1.9350883107907217, 0.24865165715748144, -1.2366170554773743, -1.0740192652155711
1.8817818226648158, -1.2500037508389885, -0.3350496026415188, -0.930771301002527
1.246639874628525, 0.6508191854986615, 0.04530118684069309, -0.3584594360196256
1.1938729561101942, -0.2297114870882316, 0.6077086609821604, 0.057056563148127855
1.1052594237511877, 0.12988523491137055, 0.45242373145102427, -0.006402090498963827
1.0465148131616535, 0.2830124763036371, 0.06314873033035966, 0.10540128215974034
2.285965583253946, -1.7878648024107768, 0.26790196133304117, 0.978471581210276
2.114810566015068, -1.4309462540289302, 0.2190774118982569, -1.1733804309794438
1.9201980110867711, -1.4377668151683018, 0.42002380995719174, 0.6660082477352924
1.23915067708337, -0.3607853180892828, 0.13011971549824808, 0.6232152231822039
1.263459371148892, -0.18572302799388854, 0.4819638338291695, 0.5740621937537982
1.4349132268083071, -0.6283251947740907, -0.7388778107734607, -0.3438647973086919
1.1061190439854809, 0.37553428195392335, -0.18694456570495738, -0.21800245846799568
1.1242095513192236, 0.4566920044484237, 0.18331087199097687, -0.14722993092492756
3.247648342988701, -2.1505861194637066, -0.9067725768360592, -2.0248364369462992
1.5567337165785704, 0.5895819945651137, 1.0372043673214502, -0.004476206704520433
1.1870407657264646, 0.29751343397421715, -0.17351530754401434, 0.5389285427115981
1.1017864541579752, 0.45268797429774726, 0.061775303133068435, 0.07204720962690747
1.1301898255285037, -0.5026026338453499, 0.15404370039741203, -0.03146700728920322
1.106137470969117, -0.05807099116984966, 0.45898671977619115, -0.09746309935353714
1.1518517416639884, 0.3601422234980202, 0.44362383041793607, -0.016059598798972584
1.3990620655386148, -0.6041391490089081, 0.713051604843191, 0.28973774468390767
1.9859793641950039, -1.227843818731435, -1.0240226950905045, 0.6228090491884155
1.562873165455062, 0.702270462646447, -0.931708358962554, 0.28514603702870517
1.805625580260388, -0.2745627495989844, 0.4383629194956619, -1.411643362692769
2.5297758716993557, -2.289550211504392, 0.28612785167975036, -0.27542084620732754
1.6137071211266836, 0.34437173561159534, 0.5647502422439448, 1.0800536766162283
1.0569162590223973, -0.030841323495915826, -0.1357079447185427, -0.3125766227522278
1.1551493857605737, -0.4910621875740486, -0.26033418924049195, 0.15954354035972848
1.1002596556392363, 0.4465629800423349, -0.0742189056683582, -0.07512901386595924
1.4901327053952333, 0.5976582489128065, -0.8488165413238419, 0.3779028663162339
1.2931729870267192, 0.22489555881255124, 0.7243226745046886, -0.31156865246743415
1.9179677703900166, 0.9843279676932223, -0.45153174278424923, 1.227117722767462
1.0641070736003162, 0.242796788195461, 0.2688693302881778, 0.032906943926535356
1.703778889873337, -0.582162125185195, -1.1763837095796021, -0.42434789196320083
1.706579612323102, 0.8684350789081319, -1.0540795621109846, 0.21714226594242575
1.9262429857841004, -1.1549955561427676, -1.0269330982100562, 0.5672792234637191
3.2986111703764776, -2.177303324237826, -0.9254270127149348, -2.0697272119129364
1.2379072816784, 0.6897153722030985, 0.04242305544637904, 0.2343233401642702
1.2944241942578953, 0.6214431886655623, 0.16331851543973872, 0.5125128490642356
1.9714739437252407, 0.7211083176163327, 0.6355724084539414, 1.4009853741792424
1.3661261119811547, 0.6408086200849282, -0.5919303299421184, -0.3244739600587564
1.1555191509919425, 0.07597960757411315, 0.5731331637734525, 0.03114456814688746
1.9180211810393986, -1.2881946630220296, -0.31259948164358, -0.960021523276168
2.1779802357172415, -1.522725913739914, 0.8446586143248701, 0.8434782297407942
2.145462704602225, 1.1182636736720428, 0.5987939850653934, 1.4120702307017552
1.1354056203631875, 0.10602220200240614, 0.5150992076697817, -0.11215177971320343
1.8160488354388187, 0.9286900487699851, -1.1550282675464276, 0.3185559090379441
1.3550557672512922, -0.6737440470090451, 0.465960918502999, 0.4063563878034941
1.2994025140401724, -0.044227436318610425, 0.8262384187371528, -0.061813451394765746
1.7628063089175925, 0.11799660738014357, -0.5582010464522023, 1.3349061671691045
1.2348041225525153, 0.12742220662565537, 0.42024347515186955, -0.5761078231751552
1.0749438619825913, 0.20653949655486809, 0.3255983015502049, 0.08265282091091608
1.1902961077204535, 0.513450192204092, -0.057538173889966855, 0.3871215348252409
2.2613566481352487, 0.9324610479485738, -0.07553278122823312, -1.7995958110320391
1.197795143172574, 0.2706778075295198, 0.14919583655690843, 0.582397915409133
1.9560873663946963, 0.773380908419516, -0.027093322763381, -1.4924562664690655
1.1237582705754985, 0.41792325527263174, 0.2968972471986155, -0.004982769816682277
1.027180140254962, 0.23395716918751192, -0.018917851552818006, -0.0022800027620306106
2.178636735349546, -1.722560952037236, 0.04650066917505428, 0.8815211165351463
2.6398699383142716, -1.2269077682432543, 1.4674655258160558, -1.5199195866825197
1.2220590836757748, 0.6856063824918784, -0.08584238553274208, 0.12650445496868004
1.8068030471765617, 0.9154179660573071, -0.4177192471000834, 1.1189538995455315
2.5488212562718258, -2.309478994000525, 0.28837664980850397, -0.2821975913055151
1.1916290301307066, -0.3331524141814018, 0.22331457109435354, 0.5090381289376047
1.7956497277947858, 0.8659432376413664, -0.4642781833677367, 1.1220276389472013
1.0655284271379564, 0.3465825942689204, -0.07727766098675422, -0.09622628279907829
2.3271299942163295, 0.04192219728860426, -1.2745390563756058, 1.6701277595228963
1.107292719127575, 0.3204956814386016, 0.31820133609789825, 0.1487534662374549
1.1422628280457665, 0.22132127927669462, 0.21530322744291455, -0.457630615154957
1.5389296873435445, -0.556056470721971, 0.7960082364203493, -0.6522857284246613
1.2639656983900107, 0.3578899993173001, 0.5032042717824508, 0.46509084699132053
1.049117741667159, 0.23814926310632326, -0.023163691574673632, -0.2083180447185235
2.5054483405096386, -1.8930227824008077, 0.6117783543242747, -1.1486789705806795
1.71771227716655, -0.9235048781164257, 1.0149250271810941, -0.26000268541943217
1.2550498848176783, 0.42220316534527, -0.4672532729534194, -0.42257434785800635
1.3894286611306557, 0.7435197779220718, 0.4902746390383756, 0.37056864752138735
2.180260974270348, -1.527860338723714, 0.8306305220380795, 0.8539517768235467
1.0849048357427893, 0.2947462370600115, 0.08629654009030996, 0.2875692360554125
1.3254666885086879, 0.5853750453961566, 0.5838666254328567, -0.2707355947770498
1.587551448794912, 0.5706193231426059, -1.0116551472105726, 0.4138442385118506
1.7180339508706555, 0.38858598516806625, -1.078458968448685, 0.7984784542163896
1.3476355541031708, -0.3497836228614188, -0.5267127782076377, -0.6452492953376182
1.6844844282998708, 0.787380108729767, -1.0456168568289403, 0.35242835055740096
1.2004831344744842, 0.6370277996858008, -0.0641261995246395, -0.17675737359351096
1.0300221970810663, 0.24340559463054748, 0.03829318201264004, -0.015266800372154814
2.1627633794855425, -1.0345023685492287, -0.2798289572109659, -1.5902974689711302
2.252295610101846, 0.9240274454869064, -0.082651827234176, -1.7922548565217615
1.2313661615629141, -0.4349882228207001, -0.5219545300862413, -0.23369068952768435
1.022524077072464, -0.028980621747068284, -0.049832647614070004, -0.20550503397196745
2.1026193302500595, 1.0074893851559525, -0.7058297682867206, 1.3812231988131407
1.9582783667323707, -0.6155141305523937, 0.5568622283720002, -1.4648894071959504
1.2788782786798054, 0.5810552714605487, 0.45447268586652867, -0.3022565152121521
1.7814298156674877, -0.9661851964747588, 0.06542003479344384, -1.1116197971022985
1.070654742113045, 0.05574344933936452, 0.37763556116913977, 0.02419974391124357
1.0685655700470915, -0.06601686472810696, 0.32427031280839996, 0.17978574830246932
1.072415878038766, 0.37130686713936756, -0.10424216241932449, 0.03661417019336486
1.552883186409387, -0.11218192792870689, -1.0164481633225857, 0.6047268283756819
1.2909572576631956, 0.5562061700161413, -0.5774638761512944, -0.1540805285867638
1.276379987478609, 0.35603128235033527, 0.6234849920543266, 0.33712618276675904
1.6333394841967082, 0.23002261994648399, -0.6967616748204813, -1.0627373304115564
1.666181365960081, 0.7702148959378514, -0.5362987687504545, 0.9462098017801299
1.9631524176539275, -1.117693279530498, 0.23543247019243138, 1.244709082401149
1.060028433954434, 0.33381679073684906, -0.09588597004572656, 0.055068246407801065
1.1157878109233972, 0.2656856590135287, 0.11624747075744801, 0.4010986102472433
1.0284243904373132, -0.14208285437661888, -0.1687295857481141, -0.09486578008861561
1.143269138427134, 0.12459618540320486, 0.5334567458179217, -0.08345066688915771
1.7572543807923955, -0.9767487594359384, 0.39111145674281084, -0.9904224594378586
1.8163105785573526, 0.5045874828212935, -0.7094958343264343, -1.2413666867742394
2.3267831146853037, 0.9623498011567205, -0.09599532986259449, -1.865097160912223
1.117323398934068, -0.07324011614786628, -0.2285580075059265, 0.43681655233878985
1.6095465361061128, 0.8646922298540914, -0.9140401139797651, 0.08647583221341627
1.0166278918954517, -0.10789274034980657, 0.01612373065168491, 0.14707634911661102
1.0403027173377222, 0.2354046516681846, -0.16187184759901946, 0.0247365848109463

(('lorentz', 4, 0.05, 300, 8), 43.953736800944874)